-0.195239 0.073826 0.182797
-0.177096 0.054168 0.172079
-0.155467 0.036091 0.157179
-0.132970 0.019691 0.140486
-0.110956 0.005039 0.123316
-0.090156 -0.007949 0.106428
-0.071410 -0.019284 0.090670
-0.055070 -0.029078 0.076453
-0.041512 -0.037394 0.064193
-0.030728 -0.044367 0.053961
-0.022719 -0.050090 0.045822
-0.017199 -0.054709 0.039580
-0.013921 -0.058332 0.035064
-0.012440 -0.061099 0.031920
-0.012391 -0.063117 0.029861
-0.013297 -0.064513 0.028491
-0.014796 -0.065379 0.027518
-0.016474 -0.065820 0.026599
-0.018060 -0.065907 0.025515
-0.019268 -0.065720 0.024036
-0.019960 -0.065308 0.022060
-0.019999 -0.064728 0.019487
-0.019383 -0.064004 0.016338
-0.018105 -0.063172 0.012627
-0.016270 -0.062242 0.008468
-0.013957 -0.061232 0.003953
-0.011330 -0.060140 -0.000757
-0.008503 -0.058976 -0.005544
-0.005642 -0.057730 -0.010245
-0.002848 -0.056406 -0.014761
-0.000252 -0.054994 -0.018968
0.002093 -0.053497 -0.022814
0.004117 -0.051905 -0.026234
0.005823 -0.050223 -0.029234
0.007201 -0.048444 -0.031805
0.008303 -0.046575 -0.034002
0.009160 -0.044611 -0.035857
0.009851 -0.042562 -0.037448
0.010423 -0.040426 -0.038824
0.010955 -0.038212 -0.040061
0.011484 -0.035921 -0.041200
0.012071 -0.033562 -0.042299
0.012727 -0.031137 -0.043371
0.013481 -0.028655 -0.044447
0.014316 -0.026117 -0.045511
0.015233 -0.023532 -0.046565
0.016192 -0.020903 -0.047573
0.017175 -0.018239 -0.048520
0.018130 -0.015542 -0.049357
0.019038 -0.012822 -0.050068
0.019845 -0.010081 -0.050603
0.020537 -0.007329 -0.050950
0.021075 -0.004571 -0.051077
0.021459 -0.001818 -0.050983
0.021665 0.000927 -0.050650
0.021705 0.003652 -0.050092
0.021573 0.006352 -0.049307
0.021294 0.009016 -0.048321
0.020870 0.011638 -0.047140
0.020332 0.014208 -0.045799
0.019687 0.016721 -0.044307
0.018967 0.019165 -0.042699
0.018177 0.021537 -0.040982
0.017344 0.023826 -0.039187
0.016466 0.026028 -0.037316
0.015563 0.028135 -0.035391
0.014629 0.030143 -0.033409
0.013675 0.032044 -0.031385
0.012689 0.033835 -0.029311
0.011679 0.035511 -0.027198
0.010631 0.037068 -0.025036
0.009553 0.038501 -0.022834
0.008432 0.039810 -0.020585
0.007278 0.040989 -0.018301
0.006083 0.042038 -0.015978
0.004863 0.042953 -0.013633
0.003614 0.043736 -0.011267
0.002355 0.044383 -0.008903
0.001089 0.044897 -0.006543
-0.000165 0.045275 -0.004212
-0.001403 0.045520 -0.001915
-0.002604 0.045631 0.000324
-0.003766 0.045613 0.002501
-0.004871 0.045466 0.004595
-0.005920 0.045195 0.006604
-0.006898 0.044800 0.008514
-0.007810 0.044289 0.010324
-0.008645 0.043662 0.012023
-0.009410 0.042927 0.013617
-0.010099 0.042087 0.015097
-0.010720 0.041149 0.016469
-0.011268 0.040116 0.017726
-0.011751 0.038997 0.018877
-0.012164 0.037796 0.019914
-0.012515 0.036520 0.020845
-0.012798 0.035175 0.021663
-0.013020 0.033769 0.022374
-0.013175 0.032306 0.022971
-0.013270 0.030796 0.023461
-0.013296 0.029242 0.023836
-0.013261 0.027654 0.024104
-0.013158 0.026037 0.024257
-0.012994 0.024399 0.024303
-0.012764 0.022745 0.024236
-0.012475 0.021084 0.024067
-0.012123 0.019419 0.023791
-0.011719 0.017760 0.023418
-0.011257 0.016110 0.022946
-0.010751 0.014478 0.022388
-0.010196 0.012867 0.021743
-0.009605 0.011286 0.021023
-0.008976 0.009736 0.020229
-0.008322 0.008226 0.019373
-0.007639 0.006757 0.018456
-0.006941 0.005337 0.017492
-0.006224 0.003968 0.016480
-0.005501 0.002655 0.015433
-0.004768 0.001401 0.014351
-0.004036 0.000209 0.013246
-0.003302 -0.000919 0.012118
-0.002575 -0.001978 0.010977
-0.001852 -0.002969 0.009823
-0.001142 -0.003888 0.008666
-0.000441 -0.004735 0.007507
0.000242 -0.005507 0.006354
0.000910 -0.006206 0.005208
0.001554 -0.006829 0.004079
0.002179 -0.007378 0.002967
0.002774 -0.007851 0.001880
0.003343 -0.008251 0.000820
0.003878 -0.008576 -0.000204
0.004382 -0.008831 -0.001193
0.004847 -0.009014 -0.002138
0.005277 -0.009128 -0.003039
0.005663 -0.009175 -0.003889
0.006011 -0.009158 -0.004690
0.006314 -0.009077 -0.005433
0.006576 -0.008937 -0.006121
0.006792 -0.008740 -0.006749
0.006968 -0.008489 -0.007319
0.007098 -0.008187 -0.007827
0.007187 -0.007838 -0.008275
0.007233 -0.007444 -0.008661
0.007240 -0.007010 -0.008987
0.007205 -0.006539 -0.009250
0.007135 -0.006035 -0.009456
0.007025 -0.005501 -0.009600
0.006881 -0.004941 -0.009688
0.006701 -0.004359 -0.009717
0.006491 -0.003759 -0.009692
0.006248 -0.003143 -0.009611
0.005978 -0.002518 -0.009479
0.005678 -0.001884 -0.009295
0.005355 -0.001247 -0.009065
0.005006 -0.000609 -0.008787
0.004639 0.000026 -0.008468
0.004250 0.000655 -0.008106
0.003847 0.001274 -0.007709
0.003428 0.001882 -0.007275
0.003000 0.002474 -0.006812
0.002559 0.003049 -0.006318
0.002115 0.003603 -0.005802
0.001664 0.004136 -0.005262
0.001213 0.004643 -0.004706
0.000761 0.005124 -0.004134
0.000315 0.005577 -0.003553
-0.000129 0.006000 -0.002961
-0.000563 0.006391 -0.002368
-0.000989 0.006751 -0.001771
-0.001402 0.007076 -0.001177
-0.001804 0.007368 -0.000587
-0.002189 0.007625 -0.000005
-0.002559 0.007847 0.000567
-0.002909 0.008033 0.001126
-0.003243 0.008185 0.001671
-0.003554 0.008300 0.002196
-0.003846 0.008382 0.002704
-0.004113 0.008429 0.003188
-0.004359 0.008442 0.003650
-0.004580 0.008423 0.004086
-0.004779 0.008372 0.004496
-0.004950 0.008290 0.004877
-0.005099 0.008179 0.005230
-0.005221 0.008039 0.005550
-0.005319 0.007873 0.005842
-0.005390 0.007682 0.006099
-0.005439 0.007468 0.006326
-0.005461 0.007231 0.006518
-0.005461 0.006975 0.006680
-0.005435 0.006701 0.006807
-0.005389 0.006411 0.006903
-0.005319 0.006106 0.006965
-0.005230 0.005789 0.006998
-0.005120 0.005461 0.006998
-0.004992 0.005126 0.006970
-0.004845 0.004783 0.006912
-0.004684 0.004436 0.006828
-0.004505 0.004086 0.006715
-0.004315 0.003736 0.006579
-0.004110 0.003386 0.006417
-0.003896 0.003039 0.006235
-0.003671 0.002697 0.006031
-0.003439 0.002361 0.005809
-0.003199 0.002032 0.005568
-0.002954 0.001712 0.005313
-0.002704 0.001403 0.005042
-0.002454 0.001105 0.004761
-0.002200 0.000821 0.004468
-0.001948 0.000550 0.004168
-0.001695 0.000295 0.003859
-0.001447 0.000056 0.003548
-0.001201 -0.000167 0.003231
-0.000962 -0.000373 0.002915
-0.000728 -0.000560 0.002598
-0.000502 -0.000729 0.002284
-0.000283 -0.000879 0.001972
-0.000075 -0.001010 0.001667
0.000124 -0.001122 0.001367
0.000311 -0.001215 0.001077
0.000488 -0.001288 0.000794
0.000652 -0.001342 0.000524
0.000804 -0.001378 0.000263
0.000941 -0.001395 0.000017
0.001066 -0.001395 -0.000217
0.001176 -0.001376 -0.000435
0.001274 -0.001342 -0.000639
0.001355 -0.001290 -0.000825
0.001424 -0.001223 -0.000997
0.001477 -0.001142 -0.001150
0.001518 -0.001047 -0.001287
0.001542 -0.000938 -0.001406
0.001555 -0.000818 -0.001508
0.001552 -0.000686 -0.001590
0.001538 -0.000545 -0.001657
0.001509 -0.000394 -0.001704
0.001470 -0.000236 -0.001735
0.001417 -0.000070 -0.001748
0.001355 0.000101 -0.001745
0.001280 0.000277 -0.001725
0.001198 0.000456 -0.001690
0.001104 0.000639 -0.001639
0.001003 0.000822 -0.001575
0.000894 0.001007 -0.001496
0.000778 0.001191 -0.001405
0.000655 0.001373 -0.001300
0.000528 0.001553 -0.001186
0.000396 0.001730 -0.001060
0.000260 0.001903 -0.000926
0.000121 0.002071 -0.000782
-0.000020 0.002232 -0.000632
-0.000163 0.002388 -0.000474
-0.000305 0.002536 -0.000312
-0.000449 0.002677 -0.000144
-0.000590 0.002810 0.000026
-0.000731 0.002933 0.000199
-0.000868 0.003048 0.000373
-0.001003 0.003153 0.000549
-0.001134 0.003247 0.000723
-0.001262 0.003332 0.000898
-0.001383 0.003406 0.001068
-0.001501 0.003470 0.001237
-0.001611 0.003523 0.001401
-0.001717 0.003566 0.001562
-0.001815 0.003598 0.001716
-0.001907 0.003620 0.001865
-0.001990 0.003631 0.002006
-0.002067 0.003632 0.002142
-0.002136 0.003623 0.002268
-0.002197 0.003605 0.002388
-0.002250 0.003577 0.002497
-0.002296 0.003540 0.002599
-0.002332 0.003495 0.002691
-0.002361 0.003442 0.002774
-0.002382 0.003380 0.002846
-0.002395 0.003313 0.002910
-0.002400 0.003238 0.002963
-0.002398 0.003157 0.003007
-0.002388 0.003071 0.003039
-0.002371 0.002980 0.003064
-0.002347 0.002884 0.003077
-0.002318 0.002785 0.003082
-0.002280 0.002683 0.003077
-0.002239 0.002578 0.003064
-0.002190 0.002471 0.003041
-0.002138 0.002363 0.003011
-0.002080 0.002254 0.002972
-0.002019 0.002145 0.002926
-0.001952 0.002037 0.002872
-0.001884 0.001929 0.002813
-0.001812 0.001822 0.002746
-0.001738 0.001718 0.002675
-0.001661 0.001616 0.002598
-0.001583 0.001517 0.002517
-0.001504 0.001421 0.002431
-0.001425 0.001329 0.002342
-0.001344 0.001241 0.002250
-0.001265 0.001157 0.002156
-0.001185 0.001078 0.002059
-0.001108 0.001004 0.001963
-0.001031 0.000935 0.001864
-0.000956 0.000872 0.001766
-0.000883 0.000814 0.001667
-0.000813 0.000762 0.001571
-0.000745 0.000716 0.001474
-0.000681 0.000676 0.001380
-0.000619 0.000641 0.001288
-0.000562 0.000613 0.001199
-0.000508 0.000591 0.001112
-0.000458 0.000575 0.001029
-0.000412 0.000564 0.000949
-0.000370 0.000559 0.000874
-0.000332 0.000560 0.000802
-0.000300 0.000566 0.000736
-0.000270 0.000577 0.000674
-0.000247 0.000594 0.000617
-0.000226 0.000615 0.000565
-0.000211 0.000640 0.000519
-0.000200 0.000670 0.000477
-0.000194 0.000704 0.000442
-0.000191 0.000742 0.000410
-0.000193 0.000783 0.000386
-0.000199 0.000827 0.000365
-0.000209 0.000875 0.000351
-0.000222 0.000924 0.000342
-0.000239 0.000976 0.000338
-0.000259 0.001029 0.000339
-0.000283 0.001084 0.000345
-0.000309 0.001140 0.000355
-0.000338 0.001197 0.000370
-0.000369 0.001254 0.000389
-0.000403 0.001312 0.000413
-0.000439 0.001369 0.000439
-0.000477 0.001426 0.000470
-0.000515 0.001482 0.000504
-0.000556 0.001538 0.000541
-0.000596 0.001591 0.000580
-0.000639 0.001644 0.000622
-0.000680 0.001695 0.000666
-0.000724 0.001743 0.000712
-0.000765 0.001790 0.000759
-0.000808 0.001834 0.000808
-0.000850 0.001876 0.000857
-0.000891 0.001915 0.000908
-0.000931 0.001951 0.000958
-0.000971 0.001984 0.001008
-0.001008 0.002014 0.001058
-0.001045 0.002041 0.001108
-0.001079 0.002065 0.001157
-0.001113 0.002086 0.001205
-0.001144 0.002104 0.001251
-0.001173 0.002118 0.001297
-0.001200 0.002129 0.001339
-0.001225 0.002137 0.001381
-0.001247 0.002141 0.001421
-0.001268 0.002143 0.001458
-0.001285 0.002142 0.001493
-0.001301 0.002138 0.001526
-0.001314 0.002130 0.001555
-0.001325 0.002120 0.001583
-0.001332 0.002108 0.001607
-0.001338 0.002093 0.001629
-0.001341 0.002076 0.001647
-0.001342 0.002056 0.001664
-0.001341 0.002035 0.001677
-0.001337 0.002012 0.001687
-0.001331 0.001986 0.001694
-0.001324 0.001960 0.001699
-0.001313 0.001932 0.001701
-0.001302 0.001903 0.001700
-0.001288 0.001873 0.001696
-0.001274 0.001842 0.001691
-0.001257 0.001811 0.001682
-0.001239 0.001779 0.001671
-0.001220 0.001746 0.001658
-0.001200 0.001714 0.001644
-0.001178 0.001682 0.001626
-0.001156 0.001650 0.001608
-0.001133 0.001618 0.001587
-0.001110 0.001586 0.001566
-0.001086 0.001556 0.001543
-0.001062 0.001526 0.001519
-0.001038 0.001497 0.001493
-0.001014 0.001469 0.001468
-0.000990 0.001442 0.001441
-0.000966 0.001416 0.001414
-0.000942 0.001391 0.001386
-0.000920 0.001368 0.001359
-0.000897 0.001347 0.001331
-0.000876 0.001327 0.001304
-0.000855 0.001308 0.001276
-0.000835 0.001291 0.001249
-0.000816 0.001275 0.001223
-0.000798 0.001262 0.001197
-0.000781 0.001249 0.001172
-0.000766 0.001239 0.001148
-0.000751 0.001230 0.001125
-0.000738 0.001223 0.001103
-0.000726 0.001217 0.001082
-0.000716 0.001213 0.001063
-0.000706 0.001210 0.001044
-0.000699 0.001209 0.001028
-0.000692 0.001209 0.001012
-0.000687 0.001211 0.000998
-0.000683 0.001213 0.000985
-0.000681 0.001218 0.000975
-0.000679 0.001223 0.000965
-0.000679 0.001229 0.000957
-0.000680 0.001236 0.000950
-0.000683 0.001244 0.000946
-0.000686 0.001253 0.000942
-0.000691 0.001263 0.000940
-0.000696 0.001273 0.000939
-0.000703 0.001284 0.000940
-0.000710 0.001296 0.000942
-0.000719 0.001307 0.000945
-0.000727 0.001319 0.000949
-0.000737 0.001331 0.000955
-0.000747 0.001344 0.000961
-0.000758 0.001356 0.000969
-0.000769 0.001368 0.000977
-0.000781 0.001380 0.000987
-0.000792 0.001392 0.000996
-0.000804 0.001404 0.001007
-0.000816 0.001415 0.001018
-0.000829 0.001426 0.001030
-0.000840 0.001436 0.001042
-0.000853 0.001446 0.001054
-0.000864 0.001455 0.001066
-0.000876 0.001464 0.001079
-0.000886 0.001472 0.001091
-0.000898 0.001479 0.001104
-0.000908 0.001485 0.001116
-0.000918 0.001491 0.001128
-0.000927 0.001496 0.001140
-0.000936 0.001501 0.001151
-0.000944 0.001504 0.001162
-0.000952 0.001507 0.001173
-0.000958 0.001509 0.001182
-0.000965 0.001510 0.001192
-0.000969 0.001510 0.001200
-0.000974 0.001510 0.001209
-0.000978 0.001509 0.001215
-0.000981 0.001507 0.001222
-0.000983 0.001505 0.001227
-0.000985 0.001502 0.001233
-0.000986 0.001498 0.001236
-0.000986 0.001493 0.001240
-0.000985 0.001488 0.001242
-0.000984 0.001483 0.001244
-0.000981 0.001477 0.001244
-0.000979 0.001471 0.001244
-0.000975 0.001464 0.001242
-0.000971 0.001457 0.001241
-0.000966 0.001450 0.001238
-0.000961 0.001442 0.001235
-0.000954 0.001435 0.001230
-0.000949 0.001427 0.001226
-0.000941 0.001419 0.001220
-0.000935 0.001411 0.001214
-0.000927 0.001403 0.001207
-0.000919 0.001395 0.001201
-0.000911 0.001387 0.001193
-0.000903 0.001379 0.001185
-0.000894 0.001371 0.001176
-0.000886 0.001364 0.001167
-0.000877 0.001356 0.001158
-0.000869 0.001349 0.001149
-0.000860 0.001342 0.001139
-0.000852 0.001336 0.001130
-0.000843 0.001330 0.001120
-0.000835 0.001324 0.001111
-0.000826 0.001319 0.001101
-0.000819 0.001314 0.001091
-0.000811 0.001309 0.001081
-0.000804 0.001305 0.001072
-0.000796 0.001301 0.001063
-0.000790 0.001298 0.001055
-0.000783 0.001295 0.001046
-0.000778 0.001292 0.001038
-0.000772 0.001290 0.001030
-0.000767 0.001289 0.001023
-0.000762 0.001287 0.001015
-0.000758 0.001286 0.001009
-0.000754 0.001286 0.001003
-0.000751 0.001286 0.000997
-0.000748 0.001286 0.000992
-0.000746 0.001286 0.000988
-0.000743 0.001287 0.000983
-0.000742 0.001288 0.000980
-0.000741 0.001290 0.000977
-0.000741 0.001291 0.000975
-0.000740 0.001293 0.000973
-0.000741 0.001295 0.000972
-0.000742 0.001297 0.000971
-0.000743 0.001300 0.000971
-0.000744 0.001302 0.000971
-0.000746 0.001305 0.000972
-0.000748 0.001307 0.000973
-0.000751 0.001310 0.000974
-0.000753 0.001312 0.000976
-0.000757 0.001315 0.000979
-0.000760 0.001317 0.000981
-0.000764 0.001320 0.000985
-0.000767 0.001322 0.000988
-0.000771 0.001324 0.000992
-0.000774 0.001326 0.000996
-0.000779 0.001328 0.001000
-0.000782 0.001330 0.001004
-0.000787 0.001331 0.001009
-0.000790 0.001332 0.001013
-0.000795 0.001333 0.001018
-0.000798 0.001334 0.001023
-0.000803 0.001334 0.001028
-0.000806 0.001335 0.001032
-0.000810 0.001335 0.001037
-0.000813 0.001334 0.001042
-0.000817 0.001334 0.001046
-0.000820 0.001333 0.001050
-0.000823 0.001331 0.001055
-0.000825 0.001330 0.001059
-0.000828 0.001328 0.001063
-0.000830 0.001326 0.001066
-0.000833 0.001323 0.001070
-0.000834 0.001321 0.001073
-0.000836 0.001318 0.001076
-0.000837 0.001315 0.001078
-0.000838 0.001311 0.001081
-0.000838 0.001307 0.001082
-0.000839 0.001304 0.001084
-0.000838 0.001299 0.001085
-0.000838 0.001295 0.001086
-0.000838 0.001291 0.001086
-0.000837 0.001286 0.001087
-0.000836 0.001281 0.001086
-0.000835 0.001277 0.001086
-0.000833 0.001271 0.001085
-0.000831 0.001266 0.001084
-0.000828 0.001261 0.001082
-0.000826 0.001256 0.001081
-0.000824 0.001251 0.001078
-0.000821 0.001246 0.001076
-0.000818 0.001240 0.001073
-0.000815 0.001235 0.001070
-0.000811 0.001230 0.001067
-0.000808 0.001225 0.001064
-0.000805 0.001220 0.001060
-0.000801 0.001215 0.001056
-0.000797 0.001210 0.001052
-0.000794 0.001206 0.001048
-0.000790 0.001201 0.001043
-0.000786 0.001197 0.001039
-0.000782 0.001192 0.001034
-0.000778 0.001188 0.001030
-0.000774 0.001184 0.001025
-0.000771 0.001180 0.001020
-0.000767 0.001177 0.001015
-0.000763 0.001173 0.001011
-0.000759 0.001170 0.001005
-0.000756 0.001167 0.001001
-0.000753 0.001164 0.000996
-0.000750 0.001162 0.000992
-0.000746 0.001159 0.000987
-0.000744 0.001157 0.000983
-0.000740 0.001155 0.000978
-0.000738 0.001154 0.000975
-0.000735 0.001152 0.000970
-0.000733 0.001151 0.000967
-0.000731 0.001150 0.000963
-0.000729 0.001149 0.000960
-0.000727 0.001148 0.000956
-0.000725 0.001147 0.000953
-0.000724 0.001147 0.000950
-0.000723 0.001146 0.000948
-0.000721 0.001146 0.000945
-0.000721 0.001146 0.000943
-0.000720 0.001146 0.000941
-0.000719 0.001146 0.000939
-0.000719 0.001146 0.000937
-0.000719 0.001147 0.000936
-0.000718 0.001147 0.000935
-0.000719 0.001148 0.000934
-0.000719 0.001148 0.000933
-0.000719 0.001149 0.000932
-0.000719 0.001149 0.000932
-0.000720 0.001150 0.000932
-0.000721 0.001151 0.000931
-0.000722 0.001151 0.000931
-0.000722 0.001152 0.000931
-0.000723 0.001153 0.000932
-0.000724 0.001153 0.000932
-0.000725 0.001154 0.000932
-0.000726 0.001154 0.000933
-0.000727 0.001155 0.000933
-0.000728 0.001155 0.000934
-0.000729 0.001155 0.000935
-0.000730 0.001155 0.000935
-0.000731 0.001156 0.000936
-0.000732 0.001156 0.000937
-0.000733 0.001156 0.000938
-0.000734 0.001155 0.000938
-0.000735 0.001155 0.000939
-0.000735 0.001155 0.000939
-0.000736 0.001154 0.000940
-0.000736 0.001154 0.000941
-0.000737 0.001153 0.000941
-0.000737 0.001152 0.000941
-0.000738 0.001152 0.000942
-0.000738 0.001151 0.000942
-0.000738 0.001150 0.000942
-0.000738 0.001149 0.000942
-0.000738 0.001147 0.000942
-0.000737 0.001146 0.000942
-0.000737 0.001145 0.000942
-0.000736 0.001143 0.000941
-0.000736 0.001142 0.000941
-0.000735 0.001140 0.000940
-0.000734 0.001139 0.000939
-0.000733 0.001137 0.000938
-0.000732 0.001135 0.000937
-0.000730 0.001133 0.000935
-0.000729 0.001131 0.000934
-0.000727 0.001130 0.000933
-0.000726 0.001128 0.000931
-0.000724 0.001126 0.000929
-0.000723 0.001124 0.000928
-0.000721 0.001122 0.000926
-0.000719 0.001120 0.000924
-0.000717 0.001118 0.000921
-0.000715 0.001116 0.000920
-0.000712 0.001114 0.000917
-0.000711 0.001113 0.000915
-0.000708 0.001111 0.000912
-0.000706 0.001109 0.000910
-0.000704 0.001107 0.000908
-0.000702 0.001106 0.000905
-0.000699 0.001104 0.000903
-0.000697 0.001102 0.000901
-0.000694 0.001101 0.000898
-0.000692 0.001099 0.000896
-0.000690 0.001098 0.000893
-0.000688 0.001096 0.000891
-0.000685 0.001095 0.000888
-0.000684 0.001094 0.000886
-0.000681 0.001092 0.000884
-0.000680 0.001091 0.000882
-0.000677 0.001090 0.000879
-0.000676 0.001089 0.000878
-0.000674 0.001088 0.000875
-0.000672 0.001087 0.000874
-0.000670 0.001086 0.000872
-0.000669 0.001085 0.000870
-0.000667 0.001084 0.000869
-0.000666 0.001083 0.000867
-0.000664 0.001082 0.000866
-0.000664 0.001081 0.000865
-0.000662 0.001080 0.000864
-0.000661 0.001080 0.000863
-0.000660 0.001079 0.000862
-0.000660 0.001078 0.000861
-0.000659 0.001077 0.000861
-0.000658 0.001076 0.000860
-0.000658 0.001075 0.000860
-0.000657 0.001075 0.000860
-0.000657 0.001074 0.000860
-0.000657 0.001073 0.000860
-0.000657 0.001072 0.000860
-0.000657 0.001071 0.000861
-0.000656 0.001070 0.000861
-0.000657 0.001069 0.000861
-0.000657 0.001067 0.000862
-0.000657 0.001066 0.000863
-0.000657 0.001065 0.000863
-0.000658 0.001064 0.000864
-0.000658 0.001062 0.000865
-0.000659 0.001061 0.000866
-0.000659 0.001059 0.000867
-0.000660 0.001057 0.000868
-0.000660 0.001056 0.000869
-0.000661 0.001054 0.000870
-0.000661 0.001052 0.000871
-0.000662 0.001050 0.000873
-0.000662 0.001048 0.000874
-0.000663 0.001046 0.000875
-0.000663 0.001043 0.000876
-0.000664 0.001041 0.000877
-0.000665 0.001038 0.000878
-0.000665 0.001036 0.000879
-0.000666 0.001033 0.000880
-0.000666 0.001031 0.000881
-0.000666 0.001028 0.000882
-0.000667 0.001025 0.000883
-0.000667 0.001022 0.000883
-0.000668 0.001019 0.000884
-0.000668 0.001016 0.000884
-0.000668 0.001013 0.000885
-0.000668 0.001010 0.000885
-0.000668 0.001006 0.000886
-0.000668 0.001003 0.000885
-0.000668 0.001000 0.000886
-0.000668 0.000997 0.000885
-0.000668 0.000993 0.000885
-0.000667 0.000990 0.000885
-0.000667 0.000987 0.000884
-0.000666 0.000983 0.000883
-0.000666 0.000980 0.000883
-0.000665 0.000977 0.000882
-0.000665 0.000973 0.000881
-0.000664 0.000970 0.000880
-0.000663 0.000967 0.000878
-0.000662 0.000963 0.000877
-0.000661 0.000960 0.000875
-0.000660 0.000957 0.000873
-0.000659 0.000954 0.000872
-0.000657 0.000951 0.000870
-0.000656 0.000948 0.000868
-0.000655 0.000945 0.000865
-0.000654 0.000943 0.000863
-0.000652 0.000940 0.000861
-0.000651 0.000938 0.000859
-0.000649 0.000935 0.000856
-0.000648 0.000933 0.000853
-0.000646 0.000931 0.000850
-0.000645 0.000929 0.000848
-0.000643 0.000927 0.000845
-0.000641 0.000925 0.000842
-0.000639 0.000923 0.000839
-0.000638 0.000921 0.000836
-0.000636 0.000920 0.000833
-0.000634 0.000919 0.000830
-0.000632 0.000917 0.000826
-0.000631 0.000916 0.000823
-0.000629 0.000915 0.000820
-0.000627 0.000914 0.000817
-0.000625 0.000914 0.000813
-0.000624 0.000913 0.000810
-0.000622 0.000913 0.000807
-0.000620 0.000913 0.000804
-0.000619 0.000912 0.000801
-0.000617 0.000912 0.000798
-0.000615 0.000912 0.000795
-0.000614 0.000913 0.000792
-0.000612 0.000913 0.000789
-0.000611 0.000913 0.000786
-0.000609 0.000914 0.000783
-0.000608 0.000914 0.000780
-0.000606 0.000915 0.000777
-0.000605 0.000916 0.000775
-0.000604 0.000917 0.000772
-0.000603 0.000918 0.000770
-0.000601 0.000919 0.000767
-0.000600 0.000920 0.000765
-0.000599 0.000921 0.000763
-0.000598 0.000922 0.000761
-0.000597 0.000924 0.000759
-0.000596 0.000925 0.000757
-0.000595 0.000926 0.000755
-0.000595 0.000928 0.000754
-0.000594 0.000929 0.000752
-0.000593 0.000931 0.000751
-0.000592 0.000932 0.000749
-0.000592 0.000933 0.000748
-0.000591 0.000935 0.000747
-0.000591 0.000936 0.000746
-0.000590 0.000937 0.000745
-0.000590 0.000939 0.000744
-0.000589 0.000940 0.000743
-0.000589 0.000941 0.000743
-0.000588 0.000943 0.000742
-0.000588 0.000944 0.000741
-0.000588 0.000945 0.000741
-0.000588 0.000946 0.000741
-0.000587 0.000947 0.000740
-0.000587 0.000948 0.000740
-0.000587 0.000949 0.000740
-0.000587 0.000949 0.000740
-0.000586 0.000950 0.000740
-0.000586 0.000951 0.000741
-0.000586 0.000951 0.000741
-0.000586 0.000952 0.000741
-0.000586 0.000952 0.000741
-0.000586 0.000952 0.000742
-0.000586 0.000952 0.000742
-0.000586 0.000952 0.000743
-0.000585 0.000952 0.000743
-0.000585 0.000952 0.000744
-0.000585 0.000951 0.000744
-0.000585 0.000951 0.000745
-0.000585 0.000950 0.000745
-0.000585 0.000950 0.000746
-0.000585 0.000949 0.000746
-0.000585 0.000948 0.000747
-0.000584 0.000947 0.000747
-0.000584 0.000946 0.000748
-0.000584 0.000944 0.000749
-0.000584 0.000943 0.000750
-0.000583 0.000942 0.000750
-0.000583 0.000940 0.000751
-0.000583 0.000938 0.000751
-0.000583 0.000937 0.000752
-0.000582 0.000935 0.000752
-0.000582 0.000933 0.000753
-0.000581 0.000931 0.000753
-0.000581 0.000929 0.000754
-0.000581 0.000927 0.000754
-0.000580 0.000924 0.000755
-0.000580 0.000922 0.000755
-0.000580 0.000920 0.000755
-0.000579 0.000917 0.000756
-0.000579 0.000914 0.000756
-0.000578 0.000912 0.000756
-0.000577 0.000909 0.000756
-0.000577 0.000906 0.000756
-0.000576 0.000904 0.000757
-0.000575 0.000901 0.000756
-0.000575 0.000898 0.000757
-0.000574 0.000895 0.000756
-0.000574 0.000892 0.000756
-0.000573 0.000889 0.000756
-0.000572 0.000886 0.000756
-0.000571 0.000883 0.000756
-0.000571 0.000880 0.000755
-0.000570 0.000877 0.000755
-0.000569 0.000875 0.000755
-0.000568 0.000871 0.000754
-0.000567 0.000869 0.000754
-0.000566 0.000866 0.000753
-0.000566 0.000863 0.000753
-0.000565 0.000860 0.000752
-0.000564 0.000857 0.000751
-0.000563 0.000854 0.000750
-0.000562 0.000851 0.000750
-0.000561 0.000848 0.000749
-0.000561 0.000845 0.000748
-0.000560 0.000842 0.000747
-0.000559 0.000840 0.000747
-0.000558 0.000837 0.000745
-0.000557 0.000834 0.000745
-0.000556 0.000832 0.000744
-0.000556 0.000829 0.000743
-0.000554 0.000827 0.000741
-0.000554 0.000824 0.000741
-0.000553 0.000822 0.000739
-0.000552 0.000819 0.000738
-0.000551 0.000817 0.000737
-0.000550 0.000815 0.000736
-0.000549 0.000813 0.000735
-0.000549 0.000810 0.000734
-0.000548 0.000808 0.000732
-0.000547 0.000806 0.000731
-0.000546 0.000804 0.000730
-0.000546 0.000802 0.000729
-0.000544 0.000801 0.000727
-0.000544 0.000799 0.000726
-0.000543 0.000797 0.000725
-0.000542 0.000795 0.000723
-0.000541 0.000794 0.000722
-0.000541 0.000792 0.000721
-0.000540 0.000791 0.000719
-0.000539 0.000789 0.000718
-0.000538 0.000788 0.000717
-0.000538 0.000787 0.000715
-0.000537 0.000785 0.000714
-0.000536 0.000784 0.000713
-0.000535 0.000783 0.000711
-0.000535 0.000782 0.000710
-0.000534 0.000781 0.000708
-0.000534 0.000780 0.000707
-0.000533 0.000779 0.000706
-0.000532 0.000778 0.000704
-0.000531 0.000777 0.000703
-0.000531 0.000776 0.000702
-0.000530 0.000776 0.000700
-0.000529 0.000775 0.000699
-0.000529 0.000774 0.000697
-0.000528 0.000774 0.000696
-0.000527 0.000773 0.000695
-0.000527 0.000772 0.000694
-0.000526 0.000772 0.000692
-0.000525 0.000771 0.000691
-0.000525 0.000771 0.000689
-0.000524 0.000771 0.000688
-0.000523 0.000770 0.000687
-0.000523 0.000770 0.000686
-0.000522 0.000770 0.000684
-0.000522 0.000769 0.000683
-0.000521 0.000769 0.000682
-0.000520 0.000769 0.000680
-0.000519 0.000768 0.000679
-0.000519 0.000768 0.000678
-0.000518 0.000768 0.000676
-0.000518 0.000768 0.000675
-0.000517 0.000768 0.000674
-0.000517 0.000768 0.000673
-0.000516 0.000768 0.000672
-0.000515 0.000768 0.000671
-0.000514 0.000767 0.000669
-0.000514 0.000767 0.000668
-0.000513 0.000767 0.000667
-0.000513 0.000767 0.000666
-0.000512 0.000767 0.000665
-0.000512 0.000767 0.000664
-0.000511 0.000767 0.000662
-0.000510 0.000767 0.000662
-0.000509 0.000767 0.000660
-0.000509 0.000767 0.000659
-0.000508 0.000767 0.000658
-0.000508 0.000767 0.000657
-0.000507 0.000767 0.000656
-0.000507 0.000767 0.000655
-0.000506 0.000767 0.000654
-0.000505 0.000767 0.000653
-0.000505 0.000766 0.000652
-0.000504 0.000766 0.000651
-0.000503 0.000766 0.000650
-0.000503 0.000766 0.000650
-0.000502 0.000766 0.000649
-0.000502 0.000766 0.000648
-0.000501 0.000766 0.000647
-0.000501 0.000766 0.000646
-0.000500 0.000765 0.000645
-0.000499 0.000765 0.000645
-0.000499 0.000765 0.000644
-0.000498 0.000765 0.000643
-0.000498 0.000764 0.000642
-0.000497 0.000764 0.000641
-0.000496 0.000764 0.000641
-0.000496 0.000764 0.000640
-0.000495 0.000763 0.000639
-0.000495 0.000763 0.000639
-0.000494 0.000763 0.000638
-0.000494 0.000762 0.000637
-0.000493 0.000762 0.000637
-0.000493 0.000761 0.000636
-0.000492 0.000761 0.000635
-0.000492 0.000760 0.000635
-0.000491 0.000760 0.000634
-0.000491 0.000759 0.000634
-0.000490 0.000759 0.000633
-0.000490 0.000758 0.000633
-0.000489 0.000757 0.000632
-0.000489 0.000757 0.000632
-0.000488 0.000756 0.000631
-0.000488 0.000755 0.000631
-0.000487 0.000755 0.000630
-0.000487 0.000754 0.000630
-0.000486 0.000753 0.000629
-0.000486 0.000752 0.000629
-0.000485 0.000752 0.000629
-0.000485 0.000751 0.000628
-0.000484 0.000750 0.000628
-0.000484 0.000749 0.000628
-0.000484 0.000748 0.000627
-0.000483 0.000747 0.000627
-0.000483 0.000746 0.000626
-0.000482 0.000745 0.000626
-0.000482 0.000744 0.000625
-0.000482 0.000743 0.000625
-0.000481 0.000742 0.000625
-0.000481 0.000741 0.000625
-0.000480 0.000739 0.000624
-0.000480 0.000738 0.000624
-0.000479 0.000737 0.000623
-0.000479 0.000736 0.000623
-0.000478 0.000735 0.000623
-0.000478 0.000733 0.000623
-0.000477 0.000732 0.000622
-0.000477 0.000731 0.000622
-0.000477 0.000729 0.000621
-0.000476 0.000728 0.000621
-0.000476 0.000727 0.000621
-0.000475 0.000726 0.000620
-0.000475 0.000724 0.000620
-0.000474 0.000723 0.000620
-0.000474 0.000721 0.000619
-0.000474 0.000720 0.000619
-0.000473 0.000718 0.000618
-0.000473 0.000717 0.000618
-0.000472 0.000716 0.000618
-0.000472 0.000714 0.000617
-0.000471 0.000713 0.000617
-0.000471 0.000711 0.000617
-0.000470 0.000710 0.000616
-0.000470 0.000708 0.000616
-0.000469 0.000707 0.000615
-0.000469 0.000705 0.000615
-0.000468 0.000704 0.000614
-0.000468 0.000702 0.000614
-0.000467 0.000701 0.000613
-0.000467 0.000699 0.000613
-0.000466 0.000698 0.000612
-0.000466 0.000697 0.000612
-0.000465 0.000695 0.000611
-0.000464 0.000694 0.000610
-0.000464 0.000692 0.000610
-0.000463 0.000691 0.000609
-0.000463 0.000689 0.000608
-0.000462 0.000688 0.000608
-0.000461 0.000686 0.000607
-0.000461 0.000685 0.000607
-0.000460 0.000684 0.000606
-0.000460 0.000682 0.000605
