0.432435 0.005739 -0.382128
0.312714 0.008577 -0.266271
0.211509 0.010262 -0.168196
0.127890 0.011146 -0.087305
0.061483 0.011303 -0.023224
0.010384 0.010851 0.025872
-0.026595 0.009873 0.061146
-0.051550 0.008473 0.084630
-0.066053 0.006729 0.097863
-0.072230 0.004730 0.102915
-0.071714 0.002542 0.101389
-0.066454 0.000239 0.095184
-0.057878 -0.002126 0.085707
-0.047570 -0.004498 0.074502
-0.036587 -0.006840 0.062610
-0.026035 -0.009112 0.051111
-0.016518 -0.011290 0.040600
-0.008654 -0.013352 0.031680
-0.002610 -0.015287 0.024516
0.001421 -0.017081 0.019295
0.003617 -0.018735 0.015846
0.004087 -0.020245 0.014059
0.003220 -0.021615 0.013555
0.001282 -0.022847 0.014073
-0.001269 -0.023950 0.015167
-0.004147 -0.024926 0.016557
-0.006946 -0.025786 0.017849
-0.009461 -0.026532 0.018846
-0.011416 -0.027172 0.019280
-0.012743 -0.027709 0.019091
-0.013319 -0.028149 0.018162
-0.013217 -0.028494 0.016572
-0.012448 -0.028747 0.014337
-0.011186 -0.028909 0.011634
-0.009523 -0.028984 0.008559
-0.007677 -0.028970 0.005330
-0.005754 -0.028870 0.002058
-0.003955 -0.028686 -0.001057
-0.002349 -0.028418 -0.003941
-0.001076 -0.028069 -0.006454
-0.000140 -0.027642 -0.008590
0.000396 -0.027138 -0.010284
0.000596 -0.026561 -0.011598
0.000462 -0.025912 -0.012531
0.000103 -0.025198 -0.013191
-0.000442 -0.024419 -0.013614
-0.001046 -0.023580 -0.013924
-0.001670 -0.022683 -0.014162
-0.002199 -0.021733 -0.014437
-0.002621 -0.020731 -0.014763
-0.002843 -0.019681 -0.015231
-0.002890 -0.018585 -0.015817
-0.002716 -0.017445 -0.016564
-0.002371 -0.016264 -0.017425
-0.001843 -0.015045 -0.018412
-0.001202 -0.013789 -0.019455
-0.000454 -0.012500 -0.020548
0.000322 -0.011179 -0.021616
0.001118 -0.009830 -0.022650
0.001863 -0.008455 -0.023583
0.002559 -0.007057 -0.024415
0.003151 -0.005640 -0.025094
0.003656 -0.004208 -0.025637
0.004039 -0.002763 -0.026013
0.004333 -0.001310 -0.026254
0.004519 0.000148 -0.026345
0.004644 0.001605 -0.026330
0.004696 0.003060 -0.026202
0.004725 0.004507 -0.026010
0.004723 0.005943 -0.025749
0.004732 0.007364 -0.025462
0.004739 0.008766 -0.025137
0.004778 0.010146 -0.024810
0.004824 0.011500 -0.024459
0.004901 0.012824 -0.024107
0.004976 0.014117 -0.023726
0.005064 0.015374 -0.023330
0.005124 0.016593 -0.022884
0.005172 0.017771 -0.022401
0.005170 0.018906 -0.021848
0.005130 0.019994 -0.021240
0.005022 0.021034 -0.020547
0.004866 0.022024 -0.019791
0.004638 0.022960 -0.018951
0.004365 0.023842 -0.018054
0.004029 0.024668 -0.017087
0.003662 0.025434 -0.016081
0.003253 0.026142 -0.015027
0.002833 0.026788 -0.013959
0.002392 0.027373 -0.012867
0.001960 0.027895 -0.011785
0.001525 0.028355 -0.010700
0.001112 0.028750 -0.009640
0.000707 0.029082 -0.008592
0.000331 0.029351 -0.007579
-0.000036 0.029557 -0.006582
-0.000375 0.029701 -0.005622
-0.000708 0.029783 -0.004679
-0.001017 0.029805 -0.003770
-0.001324 0.029768 -0.002876
-0.001613 0.029673 -0.002015
-0.001905 0.029521 -0.001166
-0.002180 0.029315 -0.000350
-0.002458 0.029056 0.000452
-0.002720 0.028746 0.001219
-0.002982 0.028387 0.001966
-0.003223 0.027982 0.002674
-0.003458 0.027532 0.003355
-0.003667 0.027040 0.003989
-0.003865 0.026509 0.004589
-0.004030 0.025940 0.005135
-0.004178 0.025337 0.005642
-0.004291 0.024702 0.006090
-0.004383 0.024038 0.006495
-0.004437 0.023347 0.006839
-0.004472 0.022634 0.007140
-0.004471 0.021899 0.007383
-0.004453 0.021146 0.007584
-0.004402 0.020378 0.007732
-0.004339 0.019598 0.007843
-0.004249 0.018809 0.007905
-0.004150 0.018013 0.007935
-0.004029 0.017212 0.007923
-0.003904 0.016410 0.007883
-0.003759 0.015609 0.007805
-0.003613 0.014812 0.007703
-0.003450 0.014021 0.007566
-0.003285 0.013238 0.007407
-0.003103 0.012465 0.007214
-0.002921 0.011705 0.007001
-0.002721 0.010959 0.006755
-0.002521 0.010230 0.006492
-0.002304 0.009518 0.006197
-0.002087 0.008827 0.005888
-0.001855 0.008157 0.005551
-0.001625 0.007510 0.005202
-0.001383 0.006886 0.004831
-0.001145 0.006288 0.004453
-0.000900 0.005717 0.004058
-0.000662 0.005172 0.003662
-0.000421 0.004655 0.003254
-0.000191 0.004167 0.002851
0.000040 0.003708 0.002441
0.000256 0.003279 0.002041
0.000471 0.002879 0.001638
0.000669 0.002510 0.001249
0.000863 0.002170 0.000860
0.001041 0.001860 0.000487
0.001214 0.001579 0.000119
0.001369 0.001328 -0.000233
0.001520 0.001106 -0.000578
0.001653 0.000912 -0.000903
0.001780 0.000745 -0.001221
0.001890 0.000606 -0.001519
0.001994 0.000493 -0.001806
0.002080 0.000404 -0.002071
0.002160 0.000340 -0.002325
0.002222 0.000300 -0.002555
0.002277 0.000281 -0.002772
0.002313 0.000283 -0.002964
0.002342 0.000305 -0.003142
0.002352 0.000346 -0.003293
0.002355 0.000404 -0.003430
0.002339 0.000478 -0.003540
0.002316 0.000567 -0.003634
0.002274 0.000669 -0.003702
0.002227 0.000783 -0.003755
0.002162 0.000908 -0.003783
0.002092 0.001042 -0.003796
0.002007 0.001184 -0.003785
0.001917 0.001333 -0.003761
0.001813 0.001487 -0.003714
0.001707 0.001645 -0.003656
0.001589 0.001806 -0.003577
0.001470 0.001969 -0.003489
0.001341 0.002132 -0.003383
0.001212 0.002295 -0.003269
0.001074 0.002456 -0.003138
0.000939 0.002614 -0.003001
0.000795 0.002768 -0.002850
0.000656 0.002918 -0.002695
0.000510 0.003062 -0.002527
0.000369 0.003200 -0.002358
0.000223 0.003331 -0.002178
0.000083 0.003454 -0.001997
-0.000061 0.003569 -0.001809
-0.000197 0.003675 -0.001622
-0.000336 0.003771 -0.001429
-0.000467 0.003858 -0.001239
-0.000598 0.003936 -0.001046
-0.000720 0.004002 -0.000859
-0.000842 0.004058 -0.000669
-0.000953 0.004104 -0.000487
-0.001062 0.004139 -0.000305
-0.001161 0.004163 -0.000133
-0.001257 0.004177 0.000039
-0.001341 0.004179 0.000199
-0.001423 0.004172 0.000357
-0.001492 0.004154 0.000502
-0.001558 0.004126 0.000644
-0.001611 0.004089 0.000773
-0.001661 0.004042 0.000897
-0.001699 0.003987 0.001007
-0.001733 0.003923 0.001113
-0.001755 0.003851 0.001204
-0.001773 0.003771 0.001289
-0.001779 0.003684 0.001360
-0.001783 0.003591 0.001425
-0.001774 0.003492 0.001476
-0.001763 0.003388 0.001521
-0.001741 0.003279 0.001551
-0.001716 0.003166 0.001576
-0.001681 0.003049 0.001587
-0.001644 0.002930 0.001592
-0.001597 0.002808 0.001584
-0.001549 0.002685 0.001572
-0.001492 0.002560 0.001546
-0.001434 0.002435 0.001516
-0.001368 0.002310 0.001475
-0.001303 0.002185 0.001430
-0.001231 0.002062 0.001374
-0.001160 0.001940 0.001316
-0.001082 0.001821 0.001248
-0.001007 0.001704 0.001179
-0.000927 0.001590 0.001101
-0.000849 0.001480 0.001023
-0.000767 0.001374 0.000937
-0.000689 0.001272 0.000852
-0.000607 0.001174 0.000761
-0.000530 0.001082 0.000671
-0.000450 0.000995 0.000577
-0.000375 0.000913 0.000485
-0.000298 0.000836 0.000389
-0.000227 0.000766 0.000297
-0.000155 0.000701 0.000202
-0.000089 0.000643 0.000112
-0.000022 0.000590 0.000020
0.000037 0.000544 -0.000066
0.000097 0.000503 -0.000154
0.000149 0.000469 -0.000235
0.000202 0.000440 -0.000316
0.000247 0.000418 -0.000390
0.000291 0.000401 -0.000464
0.000327 0.000390 -0.000530
0.000363 0.000385 -0.000596
0.000390 0.000384 -0.000652
0.000417 0.000389 -0.000708
0.000436 0.000399 -0.000755
0.000454 0.000413 -0.000800
0.000464 0.000431 -0.000837
0.000474 0.000453 -0.000871
0.000476 0.000480 -0.000897
0.000477 0.000509 -0.000921
0.000471 0.000542 -0.000936
0.000464 0.000577 -0.000950
0.000450 0.000615 -0.000954
0.000437 0.000655 -0.000958
0.000416 0.000697 -0.000952
0.000396 0.000740 -0.000945
0.000370 0.000784 -0.000931
0.000344 0.000829 -0.000915
0.000313 0.000875 -0.000891
0.000283 0.000921 -0.000867
0.000247 0.000966 -0.000835
0.000213 0.001012 -0.000804
0.000174 0.001056 -0.000766
0.000137 0.001099 -0.000728
0.000095 0.001142 -0.000684
0.000057 0.001182 -0.000641
0.000014 0.001221 -0.000592
-0.000025 0.001258 -0.000545
-0.000068 0.001293 -0.000493
-0.000108 0.001325 -0.000443
-0.000150 0.001356 -0.000390
-0.000188 0.001383 -0.000338
-0.000229 0.001407 -0.000284
-0.000265 0.001429 -0.000232
-0.000304 0.001448 -0.000177
-0.000338 0.001464 -0.000127
-0.000374 0.001476 -0.000073
-0.000404 0.001486 -0.000024
-0.000436 0.001492 0.000026
-0.000463 0.001495 0.000073
-0.000492 0.001495 0.000120
-0.000514 0.001492 0.000163
-0.000538 0.001487 0.000207
-0.000556 0.001477 0.000245
-0.000575 0.001466 0.000284
-0.000589 0.001451 0.000317
-0.000603 0.001434 0.000351
-0.000612 0.001414 0.000379
-0.000621 0.001391 0.000407
-0.000625 0.001366 0.000430
-0.000630 0.001340 0.000452
-0.000629 0.001311 0.000468
-0.000629 0.001280 0.000485
-0.000624 0.001248 0.000495
-0.000620 0.001214 0.000506
-0.000610 0.001178 0.000510
-0.000602 0.001142 0.000515
-0.000588 0.001105 0.000514
-0.000576 0.001067 0.000513
-0.000559 0.001028 0.000506
-0.000543 0.000989 0.000500
-0.000524 0.000949 0.000489
-0.000505 0.000910 0.000478
-0.000483 0.000870 0.000462
-0.000463 0.000831 0.000446
-0.000438 0.000792 0.000426
-0.000416 0.000754 0.000408
-0.000390 0.000717 0.000384
-0.000367 0.000680 0.000362
-0.000340 0.000645 0.000336
-0.000317 0.000610 0.000312
-0.000290 0.000577 0.000283
-0.000266 0.000545 0.000257
-0.000239 0.000515 0.000227
-0.000216 0.000486 0.000200
-0.000190 0.000459 0.000170
-0.000167 0.000433 0.000142
-0.000142 0.000409 0.000112
-0.000121 0.000387 0.000084
-0.000098 0.000367 0.000054
-0.000078 0.000349 0.000027
-0.000057 0.000332 -0.000002
-0.000039 0.000317 -0.000027
-0.000020 0.000304 -0.000055
-0.000005 0.000294 -0.000078
0.000012 0.000284 -0.000104
0.000025 0.000277 -0.000125
0.000039 0.000271 -0.000148
0.000050 0.000268 -0.000167
0.000061 0.000265 -0.000187
0.000069 0.000265 -0.000203
0.000078 0.000266 -0.000220
0.000082 0.000268 -0.000233
0.000089 0.000272 -0.000247
0.000091 0.000277 -0.000257
0.000094 0.000283 -0.000268
0.000094 0.000291 -0.000274
0.000095 0.000299 -0.000282
0.000092 0.000309 -0.000285
0.000091 0.000319 -0.000290
0.000085 0.000330 -0.000290
0.000082 0.000341 -0.000291
0.000075 0.000354 -0.000289
0.000070 0.000366 -0.000287
0.000061 0.000379 -0.000282
0.000054 0.000392 -0.000277
0.000043 0.000405 -0.000269
0.000035 0.000419 -0.000263
0.000024 0.000432 -0.000252
0.000014 0.000445 -0.000244
0.000002 0.000458 -0.000231
-0.000008 0.000471 -0.000221
-0.000021 0.000483 -0.000207
-0.000032 0.000495 -0.000195
-0.000045 0.000506 -0.000180
-0.000056 0.000517 -0.000167
-0.000069 0.000527 -0.000151
-0.000079 0.000537 -0.000137
-0.000092 0.000545 -0.000121
-0.000102 0.000553 -0.000107
-0.000115 0.000560 -0.000090
-0.000124 0.000566 -0.000076
-0.000136 0.000572 -0.000059
-0.000144 0.000576 -0.000046
-0.000155 0.000579 -0.000030
-0.000163 0.000582 -0.000016
-0.000172 0.000584 -0.000001
-0.000179 0.000584 0.000011
-0.000187 0.000584 0.000025
-0.000192 0.000583 0.000036
-0.000199 0.000581 0.000049
-0.000202 0.000578 0.000059
-0.000208 0.000574 0.000071
-0.000210 0.000569 0.000079
-0.000214 0.000564 0.000089
-0.000215 0.000558 0.000096
-0.000218 0.000551 0.000104
-0.000217 0.000543 0.000109
-0.000218 0.000535 0.000116
-0.000216 0.000526 0.000120
-0.000216 0.000517 0.000125
-0.000213 0.000507 0.000126
-0.000211 0.000497 0.000130
-0.000207 0.000486 0.000130
-0.000204 0.000475 0.000131
-0.000199 0.000463 0.000130
-0.000195 0.000452 0.000130
-0.000189 0.000440 0.000127
-0.000184 0.000428 0.000126
-0.000177 0.000416 0.000121
-0.000172 0.000404 0.000119
-0.000164 0.000392 0.000113
-0.000158 0.000380 0.000109
-0.000150 0.000368 0.000103
-0.000144 0.000357 0.000098
-0.000135 0.000345 0.000091
-0.000129 0.000334 0.000085
-0.000120 0.000323 0.000077
-0.000114 0.000312 0.000071
-0.000105 0.000302 0.000063
-0.000099 0.000292 0.000056
-0.000090 0.000282 0.000048
-0.000084 0.000273 0.000041
-0.000076 0.000265 0.000032
-0.000070 0.000256 0.000026
-0.000063 0.000249 0.000017
-0.000058 0.000241 0.000010
-0.000050 0.000234 0.000002
-0.000046 0.000228 -0.000004
-0.000039 0.000222 -0.000012
-0.000035 0.000217 -0.000018
-0.000030 0.000212 -0.000026
-0.000027 0.000208 -0.000031
-0.000021 0.000204 -0.000038
-0.000019 0.000201 -0.000042
-0.000015 0.000198 -0.000048
-0.000013 0.000196 -0.000052
-0.000010 0.000194 -0.000057
-0.000009 0.000193 -0.000060
-0.000006 0.000192 -0.000065
-0.000006 0.000191 -0.000067
-0.000005 0.000191 -0.000070
-0.000005 0.000191 -0.000071
-0.000004 0.000192 -0.000074
-0.000006 0.000192 -0.000074
-0.000005 0.000193 -0.000076
-0.000007 0.000195 -0.000076
-0.000008 0.000196 -0.000077
-0.000010 0.000198 -0.000075
-0.000011 0.000200 -0.000075
-0.000014 0.000202 -0.000073
-0.000015 0.000204 -0.000073
-0.000019 0.000206 -0.000070
-0.000021 0.000208 -0.000069
-0.000025 0.000210 -0.000065
-0.000026 0.000213 -0.000064
-0.000031 0.000215 -0.000060
-0.000033 0.000217 -0.000058
-0.000037 0.000219 -0.000053
-0.000039 0.000222 -0.000051
-0.000043 0.000224 -0.000046
-0.000046 0.000225 -0.000044
-0.000050 0.000227 -0.000039
-0.000052 0.000229 -0.000036
-0.000056 0.000230 -0.000031
-0.000058 0.000232 -0.000028
-0.000062 0.000233 -0.000024
-0.000064 0.000234 -0.000021
-0.000067 0.000235 -0.000016
-0.000069 0.000235 -0.000013
-0.000072 0.000236 -0.000009
-0.000073 0.000236 -0.000006
-0.000076 0.000236 -0.000002
-0.000077 0.000236 0.000000
-0.000079 0.000235 0.000004
-0.000080 0.000234 0.000006
-0.000082 0.000233 0.000009
-0.000082 0.000232 0.000011
-0.000083 0.000231 0.000014
-0.000083 0.000230 0.000015
-0.000084 0.000228 0.000017
-0.000083 0.000226 0.000018
-0.000084 0.000224 0.000020
-0.000082 0.000222 0.000020
-0.000082 0.000220 0.000022
-0.000081 0.000217 0.000021
-0.000081 0.000215 0.000023
-0.000078 0.000212 0.000022
-0.000078 0.000210 0.000022
-0.000075 0.000207 0.000021
-0.000075 0.000204 0.000021
-0.000072 0.000201 0.000019
-0.000071 0.000198 0.000019
-0.000067 0.000195 0.000017
-0.000066 0.000192 0.000017
-0.000063 0.000189 0.000014
-0.000061 0.000186 0.000014
-0.000058 0.000183 0.000011
-0.000056 0.000180 0.000010
-0.000053 0.000177 0.000007
-0.000051 0.000174 0.000006
-0.000048 0.000172 0.000003
-0.000046 0.000169 0.000001
-0.000043 0.000166 -0.000002
-0.000041 0.000164 -0.000003
-0.000038 0.000161 -0.000007
-0.000036 0.000159 -0.000008
-0.000033 0.000157 -0.000011
-0.000031 0.000155 -0.000012
-0.000028 0.000153 -0.000016
-0.000027 0.000151 -0.000017
-0.000024 0.000149 -0.000020
-0.000023 0.000147 -0.000021
-0.000021 0.000146 -0.000024
-0.000020 0.000144 -0.000024
-0.000017 0.000143 -0.000027
-0.000017 0.000142 -0.000028
-0.000015 0.000141 -0.000030
-0.000015 0.000140 -0.000030
-0.000013 0.000139 -0.000032
-0.000013 0.000138 -0.000032
-0.000011 0.000137 -0.000034
-0.000012 0.000137 -0.000034
-0.000010 0.000136 -0.000035
-0.000011 0.000136 -0.000035
-0.000010 0.000135 -0.000036
-0.000011 0.000135 -0.000035
-0.000010 0.000135 -0.000036
-0.000012 0.000135 -0.000034
-0.000011 0.000135 -0.000035
-0.000013 0.000135 -0.000033
-0.000012 0.000134 -0.000033
-0.000014 0.000134 -0.000032
-0.000014 0.000134 -0.000032
-0.000016 0.000134 -0.000030
-0.000016 0.000134 -0.000029
-0.000018 0.000134 -0.000027
-0.000018 0.000134 -0.000027
-0.000020 0.000134 -0.000024
-0.000021 0.000134 -0.000024
-0.000023 0.000134 -0.000021
-0.000023 0.000134 -0.000020
-0.000025 0.000133 -0.000018
-0.000026 0.000133 -0.000017
-0.000028 0.000133 -0.000014
-0.000028 0.000132 -0.000013
-0.000031 0.000132 -0.000010
-0.000031 0.000131 -0.000009
-0.000033 0.000131 -0.000007
-0.000033 0.000130 -0.000006
-0.000035 0.000129 -0.000003
-0.000036 0.000129 -0.000002
-0.000037 0.000128 0.000000
-0.000038 0.000127 0.000001
-0.000039 0.000126 0.000003
-0.000039 0.000125 0.000004
-0.000041 0.000124 0.000006
-0.000041 0.000122 0.000007
-0.000042 0.000121 0.000009
-0.000042 0.000120 0.000009
-0.000043 0.000118 0.000011
-0.000042 0.000117 0.000011
-0.000043 0.000116 0.000012
-0.000042 0.000114 0.000012
-0.000043 0.000112 0.000014
-0.000042 0.000111 0.000013
-0.000043 0.000109 0.000014
-0.000042 0.000108 0.000014
-0.000042 0.000106 0.000015
-0.000041 0.000104 0.000014
-0.000041 0.000102 0.000014
-0.000040 0.000101 0.000013
-0.000040 0.000099 0.000014
-0.000038 0.000097 0.000013
-0.000038 0.000096 0.000013
-0.000036 0.000094 0.000011
-0.000036 0.000092 0.000011
-0.000034 0.000091 0.000010
-0.000034 0.000089 0.000010
-0.000032 0.000088 0.000008
-0.000032 0.000086 0.000008
-0.000030 0.000085 0.000006
-0.000029 0.000083 0.000005
-0.000027 0.000082 0.000003
-0.000027 0.000080 0.000003
-0.000025 0.000079 0.000001
-0.000024 0.000078 0.000000
-0.000022 0.000077 -0.000002
-0.000022 0.000076 -0.000002
-0.000020 0.000075 -0.000004
-0.000019 0.000074 -0.000005
-0.000017 0.000073 -0.000007
-0.000017 0.000072 -0.000008
-0.000015 0.000072 -0.000010
-0.000015 0.000071 -0.000010
-0.000013 0.000070 -0.000012
-0.000012 0.000070 -0.000013
-0.000011 0.000070 -0.000015
-0.000011 0.000069 -0.000015
-0.000009 0.000069 -0.000017
-0.000009 0.000069 -0.000017
-0.000007 0.000069 -0.000019
-0.000008 0.000068 -0.000019
-0.000006 0.000068 -0.000020
-0.000006 0.000068 -0.000020
-0.000005 0.000068 -0.000022
-0.000006 0.000069 -0.000021
-0.000004 0.000069 -0.000023
-0.000005 0.000069 -0.000022
-0.000004 0.000069 -0.000023
-0.000005 0.000069 -0.000023
-0.000004 0.000070 -0.000024
-0.000005 0.000070 -0.000023
-0.000004 0.000070 -0.000024
-0.000005 0.000071 -0.000023
-0.000004 0.000071 -0.000024
-0.000005 0.000071 -0.000023
-0.000005 0.000072 -0.000023
-0.000006 0.000072 -0.000022
-0.000005 0.000072 -0.000022
-0.000007 0.000073 -0.000021
-0.000006 0.000073 -0.000021
-0.000008 0.000073 -0.000020
-0.000007 0.000073 -0.000020
-0.000009 0.000074 -0.000018
-0.000008 0.000074 -0.000018
-0.000010 0.000074 -0.000017
-0.000010 0.000074 -0.000017
-0.000011 0.000074 -0.000015
-0.000011 0.000074 -0.000015
-0.000012 0.000074 -0.000013
-0.000012 0.000074 -0.000013
-0.000014 0.000074 -0.000011
-0.000013 0.000074 -0.000011
-0.000015 0.000074 -0.000009
-0.000015 0.000074 -0.000009
-0.000016 0.000073 -0.000008
-0.000016 0.000073 -0.000007
-0.000017 0.000073 -0.000006
-0.000017 0.000072 -0.000006
-0.000018 0.000072 -0.000004
-0.000018 0.000071 -0.000004
-0.000019 0.000071 -0.000002
-0.000019 0.000070 -0.000002
-0.000020 0.000069 -0.000001
-0.000019 0.000068 -0.000001
-0.000020 0.000068 0.000000
-0.000020 0.000067 0.000000
-0.000021 0.000066 0.000002
-0.000020 0.000065 0.000001
-0.000021 0.000064 0.000002
-0.000020 0.000063 0.000002
-0.000021 0.000062 0.000003
-0.000020 0.000061 0.000003
-0.000021 0.000060 0.000004
-0.000020 0.000059 0.000003
-0.000021 0.000058 0.000004
-0.000020 0.000057 0.000003
-0.000020 0.000056 0.000004
-0.000019 0.000055 0.000004
-0.000020 0.000054 0.000004
-0.000019 0.000053 0.000003
-0.000019 0.000052 0.000004
-0.000018 0.000051 0.000003
-0.000018 0.000050 0.000003
-0.000017 0.000049 0.000003
-0.000017 0.000048 0.000003
-0.000016 0.000047 0.000002
-0.000016 0.000046 0.000002
-0.000015 0.000045 0.000001
-0.000015 0.000044 0.000001
-0.000014 0.000043 0.000000
-0.000014 0.000042 0.000001
-0.000013 0.000042 -0.000001
-0.000013 0.000041 -0.000000
-0.000012 0.000040 -0.000002
-0.000012 0.000039 -0.000001
-0.000011 0.000039 -0.000003
-0.000011 0.000038 -0.000002
-0.000010 0.000037 -0.000004
-0.000010 0.000037 -0.000003
-0.000009 0.000036 -0.000004
-0.000009 0.000036 -0.000004
-0.000008 0.000035 -0.000005
-0.000008 0.000035 -0.000005
-0.000007 0.000034 -0.000006
-0.000007 0.000034 -0.000006
-0.000006 0.000034 -0.000007
-0.000007 0.000033 -0.000007
-0.000006 0.000033 -0.000008
-0.000006 0.000033 -0.000007
-0.000005 0.000033 -0.000008
-0.000006 0.000033 -0.000008
-0.000005 0.000033 -0.000009
-0.000005 0.000032 -0.000008
-0.000004 0.000032 -0.000009
-0.000005 0.000032 -0.000008
-0.000004 0.000032 -0.000009
-0.000005 0.000032 -0.000009
-0.000004 0.000032 -0.000009
-0.000005 0.000032 -0.000009
-0.000004 0.000033 -0.000009
-0.000005 0.000033 -0.000008
-0.000004 0.000033 -0.000009
-0.000005 0.000033 -0.000008
-0.000004 0.000033 -0.000009
-0.000005 0.000033 -0.000008
-0.000005 0.000033 -0.000008
-0.000006 0.000033 -0.000007
-0.000005 0.000033 -0.000008
-0.000006 0.000033 -0.000007
-0.000005 0.000034 -0.000007
-0.000006 0.000034 -0.000006
-0.000006 0.000034 -0.000006
-0.000007 0.000034 -0.000005
-0.000006 0.000034 -0.000006
-0.000007 0.000034 -0.000005
-0.000007 0.000034 -0.000005
-0.000008 0.000034 -0.000004
-0.000008 0.000034 -0.000004
-0.000008 0.000034 -0.000003
-0.000008 0.000034 -0.000004
-0.000009 0.000034 -0.000003
-0.000009 0.000034 -0.000003
-0.000009 0.000034 -0.000002
-0.000009 0.000034 -0.000002
-0.000010 0.000034 -0.000001
-0.000009 0.000034 -0.000002
-0.000010 0.000034 -0.000001
-0.000010 0.000034 -0.000001
-0.000011 0.000034 -0.000000
-0.000010 0.000034 -0.000001
-0.000011 0.000034 -0.000000
-0.000010 0.000034 -0.000001
-0.000011 0.000034 0.000000
-0.000010 0.000033 -0.000000
-0.000011 0.000033 0.000000
-0.000011 0.000033 -0.000000
-0.000011 0.000033 0.000000
-0.000011 0.000033 -0.000000
-0.000011 0.000033 0.000000
-0.000011 0.000033 -0.000000
-0.000011 0.000032 0.000000
-0.000010 0.000032 -0.000001
-0.000011 0.000032 -0.000000
-0.000010 0.000032 -0.000001
-0.000011 0.000032 -0.000001
-0.000010 0.000032 -0.000002
-0.000010 0.000032 -0.000001
-0.000009 0.000031 -0.000002
-0.000010 0.000031 -0.000002
-0.000009 0.000031 -0.000003
-0.000009 0.000031 -0.000003
-0.000009 0.000031 -0.000004
-0.000009 0.000031 -0.000003
-0.000008 0.000031 -0.000004
-0.000008 0.000031 -0.000004
-0.000007 0.000031 -0.000005
-0.000008 0.000031 -0.000005
-0.000007 0.000031 -0.000006
-0.000007 0.000031 -0.000006
-0.000006 0.000031 -0.000007
-0.000006 0.000031 -0.000007
-0.000005 0.000031 -0.000008
-0.000006 0.000031 -0.000008
-0.000005 0.000031 -0.000009
-0.000005 0.000031 -0.000009
-0.000004 0.000032 -0.000010
-0.000005 0.000032 -0.000010
-0.000004 0.000032 -0.000011
-0.000004 0.000032 -0.000011
-0.000003 0.000032 -0.000012
-0.000003 0.000033 -0.000012
-0.000002 0.000033 -0.000013
-0.000003 0.000033 -0.000013
-0.000002 0.000033 -0.000014
-0.000002 0.000034 -0.000014
-0.000002 0.000034 -0.000014
-0.000002 0.000034 -0.000014
-0.000001 0.000035 -0.000015
-0.000002 0.000035 -0.000015
-0.000001 0.000035 -0.000016
-0.000001 0.000036 -0.000015
-0.000000 0.000036 -0.000016
-0.000001 0.000036 -0.000015
-0.000000 0.000037 -0.000016
-0.000001 0.000037 -0.000016
-0.000000 0.000037 -0.000016
-0.000001 0.000038 -0.000016
0.000000 0.000038 -0.000016
-0.000001 0.000038 -0.000015
0.000000 0.000038 -0.000016
-0.000001 0.000039 -0.000015
-0.000000 0.000039 -0.000016
-0.000001 0.000039 -0.000015
-0.000000 0.000039 -0.000015
-0.000001 0.000040 -0.000014
-0.000000 0.000040 -0.000015
-0.000001 0.000040 -0.000014
-0.000000 0.000040 -0.000014
-0.000001 0.000040 -0.000013
-0.000001 0.000040 -0.000013
-0.000001 0.000040 -0.000012
-0.000001 0.000040 -0.000012
-0.000002 0.000040 -0.000011
-0.000001 0.000040 -0.000011
-0.000002 0.000040 -0.000010
-0.000002 0.000040 -0.000010
-0.000003 0.000040 -0.000009
-0.000002 0.000040 -0.000009
-0.000003 0.000039 -0.000008
-0.000003 0.000039 -0.000007
-0.000003 0.000039 -0.000006
-0.000003 0.000039 -0.000006
-0.000004 0.000038 -0.000005
-0.000003 0.000038 -0.000005
-0.000004 0.000037 -0.000004
-0.000004 0.000037 -0.000003
-0.000005 0.000036 -0.000002
-0.000004 0.000036 -0.000002
-0.000005 0.000035 -0.000001
-0.000005 0.000035 -0.000001
-0.000005 0.000034 0.000001
-0.000005 0.000033 0.000001
-0.000006 0.000032 0.000002
-0.000005 0.000032 0.000002
-0.000006 0.000031 0.000003
-0.000006 0.000030 0.000003
-0.000006 0.000029 0.000005
-0.000006 0.000028 0.000005
-0.000007 0.000027 0.000006
-0.000006 0.000027 0.000006
-0.000007 0.000026 0.000007
-0.000006 0.000025 0.000007
-0.000007 0.000024 0.000008
-0.000007 0.000023 0.000008
-0.000007 0.000022 0.000009
-0.000007 0.000021 0.000009
-0.000007 0.000019 0.000010
-0.000007 0.000018 0.000010
-0.000007 0.000017 0.000011
-0.000007 0.000016 0.000011
-0.000007 0.000015 0.000012
-0.000007 0.000014 0.000012
-0.000007 0.000013 0.000013
-0.000007 0.000012 0.000012
-0.000007 0.000011 0.000013
-0.000007 0.000010 0.000013
-0.000007 0.000009 0.000014
-0.000007 0.000008 0.000013
-0.000007 0.000006 0.000014
-0.000006 0.000005 0.000013
-0.000007 0.000004 0.000014
-0.000006 0.000003 0.000014
-0.000007 0.000002 0.000014
-0.000006 0.000001 0.000014
-0.000006 0.000000 0.000014
-0.000006 -0.000001 0.000014
-0.000006 -0.000002 0.000014
-0.000006 -0.000003 0.000014
-0.000006 -0.000003 0.000014
-0.000005 -0.000004 0.000014
-0.000006 -0.000005 0.000014
-0.000005 -0.000006 0.000013
-0.000005 -0.000007 0.000014
-0.000005 -0.000007 0.000013
-0.000005 -0.000008 0.000013
-0.000004 -0.000009 0.000012
-0.000005 -0.000010 0.000013
-0.000004 -0.000010 0.000012
-0.000005 -0.000011 0.000012
-0.000004 -0.000011 0.000011
-0.000004 -0.000012 0.000012
-0.000004 -0.000012 0.000011
-0.000004 -0.000013 0.000011
-0.000003 -0.000013 0.000010
-0.000004 -0.000014 0.000010
-0.000003 -0.000014 0.000010
-0.000003 -0.000014 0.000010
-0.000003 -0.000015 0.000009
-0.000003 -0.000015 0.000009
-0.000002 -0.000015 0.000008
-0.000003 -0.000015 0.000008
-0.000002 -0.000015 0.000007
-0.000003 -0.000015 0.000007
-0.000002 -0.000015 0.000007
-0.000002 -0.000015 0.000007
-0.000002 -0.000015 0.000006
-0.000002 -0.000015 0.000006
-0.000002 -0.000015 0.000005
-0.000002 -0.000015 0.000005
-0.000001 -0.000015 0.000004
-0.000002 -0.000015 0.000004
-0.000001 -0.000015 0.000003
-0.000002 -0.000014 0.000004
-0.000001 -0.000014 0.000003
-0.000002 -0.000014 0.000003
-0.000001 -0.000014 0.000002
-0.000001 -0.000013 0.000002
-0.000001 -0.000013 0.000001
-0.000001 -0.000012 0.000001
-0.000001 -0.000012 0.000000
-0.000001 -0.000012 0.000001
-0.000001 -0.000011 -0.000000
-0.000001 -0.000011 -0.000000
-0.000001 -0.000010 -0.000001
-0.000001 -0.000010 -0.000001
-0.000001 -0.000009 -0.000001
-0.000001 -0.000009 -0.000001
-0.000001 -0.000008 -0.000002
-0.000001 -0.000008 -0.000002
-0.000001 -0.000007 -0.000003
-0.000001 -0.000006 -0.000002
-0.000001 -0.000006 -0.000003
-0.000001 -0.000005 -0.000003
-0.000001 -0.000005 -0.000004
-0.000001 -0.000004 -0.000003
-0.000001 -0.000003 -0.000004
-0.000001 -0.000003 -0.000004
-0.000001 -0.000002 -0.000004
-0.000001 -0.000002 -0.000004
-0.000001 -0.000001 -0.000005
-0.000001 -0.000000 -0.000004
-0.000001 0.000000 -0.000005
-0.000002 0.000001 -0.000005
-0.000001 0.000002 -0.000005
-0.000002 0.000002 -0.000005
-0.000001 0.000003 -0.000006
-0.000002 0.000003 -0.000005
-0.000001 0.000004 -0.000006
-0.000002 0.000005 -0.000006
-0.000001 0.000005 -0.000006
-0.000002 0.000006 -0.000006
-0.000001 0.000006 -0.000006
-0.000002 0.000007 -0.000006
-0.000001 0.000008 -0.000006
-0.000002 0.000008 -0.000006
-0.000002 0.000009 -0.000006
-0.000002 0.000009 -0.000006
-0.000002 0.000010 -0.000007
-0.000002 0.000010 -0.000006
-0.000002 0.000011 -0.000007
-0.000002 0.000011 -0.000006
-0.000002 0.000012 -0.000007
-0.000002 0.000012 -0.000006
-0.000002 0.000013 -0.000007
-0.000002 0.000013 -0.000006
-0.000002 0.000014 -0.000007
-0.000002 0.000014 -0.000006
-0.000002 0.000014 -0.000006
-0.000003 0.000015 -0.000006
-0.000002 0.000015 -0.000006
-0.000003 0.000016 -0.000006
-0.000002 0.000016 -0.000006
-0.000003 0.000016 -0.000006
-0.000002 0.000017 -0.000006
-0.000003 0.000017 -0.000006
-0.000002 0.000017 -0.000006
-0.000003 0.000017 -0.000005
-0.000002 0.000018 -0.000006
-0.000003 0.000018 -0.000005
-0.000002 0.000018 -0.000006
-0.000003 0.000018 -0.000005
-0.000002 0.000019 -0.000005
-0.000003 0.000019 -0.000005
-0.000002 0.000019 -0.000005
-0.000003 0.000019 -0.000005
-0.000003 0.000019 -0.000005
-0.000003 0.000019 -0.000004
-0.000003 0.000019 -0.000005
-0.000003 0.000020 -0.000004
-0.000003 0.000020 -0.000004
-0.000003 0.000020 -0.000004
-0.000003 0.000020 -0.000004
-0.000003 0.000020 -0.000003
-0.000003 0.000020 -0.000004
-0.000003 0.000020 -0.000003
-0.000003 0.000020 -0.000003
-0.000003 0.000020 -0.000003
-0.000003 0.000020 -0.000003
-0.000003 0.000020 -0.000002
-0.000003 0.000020 -0.000003
-0.000003 0.000020 -0.000002
-0.000003 0.000020 -0.000002
-0.000003 0.000019 -0.000002
-0.000003 0.000019 -0.000002
-0.000004 0.000019 -0.000002
-0.000003 0.000019 -0.000002
-0.000004 0.000019 -0.000001
-0.000003 0.000019 -0.000001
-0.000004 0.000019 -0.000001
-0.000003 0.000018 -0.000001
-0.000004 0.000018 -0.000000
-0.000003 0.000018 -0.000001
-0.000004 0.000018 -0.000000
-0.000003 0.000018 -0.000000
-0.000004 0.000018 0.000000
-0.000003 0.000017 -0.000000
-0.000004 0.000017 0.000001
-0.000003 0.000017 0.000000
-0.000004 0.000017 0.000001
-0.000003 0.000016 0.000001
-0.000004 0.000016 0.000001
-0.000003 0.000016 0.000001
-0.000004 0.000016 0.000001
-0.000003 0.000015 0.000001
-0.000004 0.000015 0.000002
-0.000004 0.000015 0.000001
-0.000004 0.000015 0.000002
-0.000004 0.000014 0.000002
-0.000004 0.000014 0.000002
-0.000004 0.000014 0.000002
-0.000004 0.000013 0.000003
-0.000004 0.000013 0.000002
-0.000004 0.000013 0.000003
-0.000004 0.000012 0.000003
-0.000004 0.000012 0.000003
-0.000004 0.000012 0.000003
