0.350095 -0.184236 -0.213325
0.265712 -0.154011 -0.147055
0.192518 -0.126895 -0.090370
0.130531 -0.102751 -0.043329
0.079885 -0.081745 -0.005915
0.039525 -0.063652 0.022826
0.008920 -0.048466 0.043462
-0.013192 -0.035944 0.057133
-0.027706 -0.025983 0.064697
-0.035990 -0.018311 0.067372
-0.039073 -0.012765 0.066105
-0.038279 -0.009056 0.062046
-0.034573 -0.006992 0.056053
-0.029087 -0.006289 0.049082
-0.022584 -0.006754 0.041780
-0.015905 -0.008126 0.034825
-0.009531 -0.010234 0.028591
-0.003980 -0.012855 0.023457
0.000561 -0.015855 0.019526
0.003872 -0.019057 0.016908
0.006015 -0.022368 0.015488
0.006995 -0.025661 0.015180
0.007039 -0.028883 0.015731
0.006287 -0.031951 0.016955
0.005037 -0.034847 0.018548
0.003465 -0.037522 0.020310
0.001856 -0.039984 0.021972
0.000346 -0.042210 0.023386
-0.000853 -0.044223 0.024366
-0.001690 -0.046013 0.024860
-0.002053 -0.047612 0.024785
-0.001984 -0.049015 0.024184
-0.001467 -0.050255 0.023066
-0.000616 -0.051329 0.021548
0.000524 -0.052264 0.019698
0.001803 -0.053055 0.017662
0.003155 -0.053727 0.015525
0.004438 -0.054271 0.013425
0.005604 -0.054707 0.011423
0.006548 -0.055027 0.009619
0.007265 -0.055248 0.008029
0.007700 -0.055361 0.006702
0.007895 -0.055383 0.005607
0.007842 -0.055306 0.004749
0.007616 -0.055146 0.004062
0.007236 -0.054896 0.003523
0.006793 -0.054573 0.003052
0.006311 -0.054170 0.002623
0.005875 -0.053705 0.002162
0.005493 -0.053171 0.001657
0.005236 -0.052584 0.001049
0.005089 -0.051937 0.000350
0.005090 -0.051246 -0.000469
0.005207 -0.050502 -0.001379
0.005453 -0.049720 -0.002387
0.005780 -0.048891 -0.003447
0.006190 -0.048028 -0.004554
0.006626 -0.047124 -0.005658
0.007086 -0.046189 -0.006748
0.007519 -0.045217 -0.007780
0.007926 -0.044218 -0.008749
0.008266 -0.043184 -0.009620
0.008553 -0.042127 -0.010401
0.008758 -0.041040 -0.011068
0.008904 -0.039933 -0.011640
0.008976 -0.038801 -0.012106
0.009005 -0.037654 -0.012493
0.008982 -0.036485 -0.012798
0.008943 -0.035307 -0.013050
0.008878 -0.034113 -0.013246
0.008823 -0.032913 -0.013415
0.008763 -0.031704 -0.013551
0.008726 -0.030493 -0.013675
0.008694 -0.029278 -0.013774
0.008685 -0.028066 -0.013865
0.008675 -0.026854 -0.013927
0.008678 -0.025651 -0.013970
0.008662 -0.024451 -0.013970
0.008640 -0.023264 -0.013936
0.008583 -0.022085 -0.013844
0.008504 -0.020924 -0.013704
0.008376 -0.019774 -0.013496
0.008216 -0.018646 -0.013232
0.008003 -0.017535 -0.012899
0.007759 -0.016448 -0.012514
0.007468 -0.015383 -0.012067
0.007154 -0.014347 -0.011579
0.006806 -0.013336 -0.011044
0.006450 -0.012359 -0.010485
0.006074 -0.011410 -0.009896
0.005703 -0.010499 -0.009298
0.005326 -0.009620 -0.008686
0.004964 -0.008782 -0.008076
0.004604 -0.007978 -0.007462
0.004264 -0.007218 -0.006858
0.003928 -0.006494 -0.006255
0.003612 -0.005815 -0.005664
0.003300 -0.005175 -0.005073
0.003004 -0.004579 -0.004496
0.002709 -0.004023 -0.003918
0.002428 -0.003512 -0.003352
0.002146 -0.003041 -0.002785
0.001875 -0.002614 -0.002231
0.001603 -0.002227 -0.001679
0.001344 -0.001883 -0.001140
0.001084 -0.001577 -0.000608
0.000841 -0.001314 -0.000095
0.000601 -0.001087 0.000407
0.000382 -0.000901 0.000884
0.000171 -0.000749 0.001344
-0.000015 -0.000635 0.001774
-0.000189 -0.000553 0.002181
-0.000335 -0.000506 0.002553
-0.000466 -0.000489 0.002899
-0.000569 -0.000503 0.003208
-0.000656 -0.000544 0.003490
-0.000716 -0.000614 0.003734
-0.000761 -0.000705 0.003953
-0.000782 -0.000822 0.004135
-0.000791 -0.000958 0.004294
-0.000778 -0.001115 0.004420
-0.000758 -0.001287 0.004525
-0.000719 -0.001476 0.004600
-0.000675 -0.001677 0.004656
-0.000615 -0.001891 0.004686
-0.000552 -0.002113 0.004698
-0.000474 -0.002345 0.004684
-0.000393 -0.002581 0.004655
-0.000299 -0.002824 0.004600
-0.000202 -0.003067 0.004530
-0.000091 -0.003313 0.004436
0.000023 -0.003557 0.004327
0.000150 -0.003802 0.004195
0.000278 -0.004041 0.004050
0.000419 -0.004277 0.003883
0.000560 -0.004506 0.003705
0.000712 -0.004730 0.003509
0.000862 -0.004944 0.003305
0.001019 -0.005150 0.003086
0.001172 -0.005344 0.002863
0.001329 -0.005529 0.002630
0.001479 -0.005701 0.002395
0.001632 -0.005862 0.002153
0.001775 -0.006008 0.001914
0.001919 -0.006142 0.001671
0.002051 -0.006260 0.001433
0.002183 -0.006366 0.001194
0.002303 -0.006455 0.000961
0.002421 -0.006532 0.000729
0.002527 -0.006591 0.000506
0.002631 -0.006638 0.000285
0.002722 -0.006668 0.000074
0.002811 -0.006685 -0.000134
0.002887 -0.006686 -0.000331
0.002960 -0.006675 -0.000523
0.003020 -0.006648 -0.000702
0.003077 -0.006610 -0.000875
0.003120 -0.006557 -0.001034
0.003160 -0.006493 -0.001186
0.003185 -0.006415 -0.001323
0.003207 -0.006328 -0.001451
0.003214 -0.006229 -0.001564
0.003217 -0.006122 -0.001667
0.003207 -0.006004 -0.001753
0.003191 -0.005878 -0.001830
0.003163 -0.005744 -0.001889
0.003130 -0.005604 -0.001940
0.003084 -0.005456 -0.001973
0.003035 -0.005304 -0.001997
0.002974 -0.005146 -0.002006
0.002910 -0.004986 -0.002005
0.002836 -0.004822 -0.001990
0.002760 -0.004656 -0.001967
0.002675 -0.004488 -0.001930
0.002589 -0.004320 -0.001887
0.002494 -0.004151 -0.001831
0.002401 -0.003984 -0.001769
0.002299 -0.003818 -0.001696
0.002200 -0.003654 -0.001619
0.002094 -0.003492 -0.001532
0.001991 -0.003335 -0.001441
0.001882 -0.003181 -0.001342
0.001777 -0.003032 -0.001240
0.001667 -0.002886 -0.001131
0.001562 -0.002748 -0.001022
0.001453 -0.002614 -0.000906
0.001348 -0.002487 -0.000790
0.001242 -0.002366 -0.000670
0.001141 -0.002253 -0.000551
0.001039 -0.002145 -0.000430
0.000944 -0.002046 -0.000311
0.000848 -0.001953 -0.000191
0.000759 -0.001869 -0.000075
0.000671 -0.001791 0.000042
0.000590 -0.001723 0.000153
0.000511 -0.001660 0.000263
0.000440 -0.001607 0.000367
0.000370 -0.001560 0.000469
0.000309 -0.001521 0.000564
0.000250 -0.001489 0.000657
0.000200 -0.001464 0.000741
0.000151 -0.001446 0.000823
0.000112 -0.001435 0.000896
0.000074 -0.001430 0.000966
0.000046 -0.001432 0.001027
0.000019 -0.001438 0.001084
0.000001 -0.001451 0.001132
-0.000015 -0.001468 0.001176
-0.000023 -0.001490 0.001210
-0.000029 -0.001516 0.001241
-0.000026 -0.001547 0.001262
-0.000022 -0.001581 0.001280
-0.000011 -0.001618 0.001288
0.000002 -0.001658 0.001292
0.000022 -0.001700 0.001288
0.000042 -0.001744 0.001280
0.000070 -0.001790 0.001264
0.000097 -0.001836 0.001245
0.000131 -0.001884 0.001218
0.000164 -0.001931 0.001189
0.000203 -0.001979 0.001152
0.000240 -0.002025 0.001114
0.000283 -0.002072 0.001069
0.000324 -0.002117 0.001022
0.000369 -0.002161 0.000970
0.000413 -0.002203 0.000918
0.000459 -0.002243 0.000861
0.000503 -0.002280 0.000803
0.000551 -0.002316 0.000742
0.000594 -0.002348 0.000681
0.000641 -0.002377 0.000617
0.000683 -0.002403 0.000555
0.000728 -0.002427 0.000489
0.000768 -0.002445 0.000427
0.000810 -0.002462 0.000362
0.000847 -0.002474 0.000300
0.000885 -0.002483 0.000236
0.000919 -0.002487 0.000177
0.000953 -0.002489 0.000116
0.000981 -0.002485 0.000060
0.001010 -0.002480 0.000003
0.001034 -0.002469 -0.000049
0.001058 -0.002456 -0.000100
0.001076 -0.002438 -0.000147
0.001094 -0.002418 -0.000193
0.001106 -0.002393 -0.000233
0.001118 -0.002366 -0.000273
0.001124 -0.002335 -0.000307
0.001131 -0.002302 -0.000340
0.001131 -0.002266 -0.000366
0.001132 -0.002228 -0.000392
0.001126 -0.002186 -0.000412
0.001121 -0.002143 -0.000430
0.001111 -0.002098 -0.000443
0.001100 -0.002051 -0.000454
0.001084 -0.002002 -0.000459
0.001069 -0.001953 -0.000463
0.001049 -0.001901 -0.000462
0.001029 -0.001850 -0.000459
0.001005 -0.001797 -0.000451
0.000981 -0.001744 -0.000442
0.000953 -0.001691 -0.000428
0.000926 -0.001638 -0.000413
0.000895 -0.001584 -0.000394
0.000866 -0.001532 -0.000374
0.000832 -0.001479 -0.000349
0.000801 -0.001428 -0.000325
0.000766 -0.001377 -0.000296
0.000733 -0.001328 -0.000268
0.000698 -0.001280 -0.000237
0.000664 -0.001234 -0.000206
0.000628 -0.001188 -0.000171
0.000595 -0.001145 -0.000138
0.000559 -0.001103 -0.000103
0.000526 -0.001063 -0.000068
0.000492 -0.001025 -0.000032
0.000460 -0.000990 0.000003
0.000427 -0.000956 0.000039
0.000397 -0.000925 0.000074
0.000366 -0.000895 0.000110
0.000339 -0.000869 0.000143
0.000310 -0.000843 0.000177
0.000285 -0.000822 0.000209
0.000259 -0.000801 0.000241
0.000237 -0.000784 0.000271
0.000214 -0.000767 0.000300
0.000195 -0.000754 0.000327
0.000175 -0.000743 0.000354
0.000160 -0.000734 0.000377
0.000143 -0.000726 0.000401
0.000131 -0.000721 0.000420
0.000118 -0.000717 0.000440
0.000109 -0.000716 0.000456
0.000099 -0.000716 0.000472
0.000094 -0.000718 0.000484
0.000087 -0.000720 0.000496
0.000085 -0.000725 0.000504
0.000082 -0.000730 0.000512
0.000082 -0.000737 0.000516
0.000082 -0.000745 0.000520
0.000085 -0.000754 0.000520
0.000088 -0.000762 0.000520
0.000093 -0.000773 0.000517
0.000098 -0.000783 0.000514
0.000106 -0.000794 0.000507
0.000113 -0.000805 0.000500
0.000123 -0.000816 0.000490
0.000131 -0.000827 0.000481
0.000142 -0.000839 0.000468
0.000152 -0.000849 0.000456
0.000164 -0.000860 0.000441
0.000175 -0.000870 0.000427
0.000188 -0.000881 0.000410
0.000199 -0.000889 0.000394
0.000212 -0.000898 0.000376
0.000223 -0.000906 0.000358
0.000237 -0.000913 0.000339
0.000248 -0.000919 0.000321
0.000261 -0.000925 0.000301
0.000271 -0.000929 0.000283
0.000284 -0.000932 0.000263
0.000294 -0.000934 0.000245
0.000305 -0.000936 0.000225
0.000314 -0.000936 0.000207
0.000324 -0.000935 0.000188
0.000331 -0.000932 0.000171
0.000340 -0.000929 0.000153
0.000346 -0.000925 0.000137
0.000353 -0.000920 0.000121
0.000358 -0.000913 0.000106
0.000363 -0.000905 0.000091
0.000366 -0.000896 0.000079
0.000370 -0.000887 0.000065
0.000370 -0.000876 0.000055
0.000373 -0.000865 0.000043
0.000372 -0.000852 0.000035
0.000372 -0.000839 0.000025
0.000369 -0.000824 0.000019
0.000368 -0.000810 0.000012
0.000363 -0.000794 0.000008
0.000360 -0.000778 0.000003
0.000354 -0.000761 0.000000
0.000350 -0.000744 -0.000002
0.000342 -0.000726 -0.000002
0.000336 -0.000709 -0.000003
0.000327 -0.000690 -0.000001
0.000320 -0.000672 -0.000000
0.000310 -0.000653 0.000004
0.000302 -0.000635 0.000007
0.000291 -0.000616 0.000012
0.000282 -0.000597 0.000017
0.000270 -0.000578 0.000024
0.000260 -0.000560 0.000030
0.000248 -0.000542 0.000038
0.000238 -0.000524 0.000045
0.000226 -0.000506 0.000055
0.000215 -0.000489 0.000063
0.000202 -0.000472 0.000073
0.000192 -0.000456 0.000082
0.000179 -0.000440 0.000093
0.000169 -0.000425 0.000102
0.000157 -0.000410 0.000113
0.000147 -0.000396 0.000123
0.000135 -0.000382 0.000134
0.000125 -0.000369 0.000143
0.000114 -0.000357 0.000154
0.000105 -0.000345 0.000164
0.000095 -0.000334 0.000174
0.000087 -0.000324 0.000183
0.000077 -0.000314 0.000193
0.000070 -0.000305 0.000202
0.000061 -0.000297 0.000211
0.000055 -0.000290 0.000218
0.000048 -0.000282 0.000227
0.000042 -0.000277 0.000233
0.000036 -0.000271 0.000241
0.000032 -0.000266 0.000247
0.000026 -0.000261 0.000253
0.000023 -0.000258 0.000257
0.000018 -0.000254 0.000263
0.000016 -0.000252 0.000266
0.000013 -0.000249 0.000270
0.000012 -0.000248 0.000272
0.000009 -0.000246 0.000275
0.000009 -0.000245 0.000276
0.000008 -0.000244 0.000278
0.000009 -0.000244 0.000278
0.000008 -0.000244 0.000279
0.000009 -0.000244 0.000277
0.000010 -0.000244 0.000277
0.000012 -0.000245 0.000275
0.000012 -0.000246 0.000274
0.000015 -0.000247 0.000270
0.000017 -0.000247 0.000268
0.000020 -0.000249 0.000264
0.000022 -0.000249 0.000261
0.000025 -0.000251 0.000257
0.000027 -0.000251 0.000253
0.000031 -0.000252 0.000248
0.000033 -0.000253 0.000244
0.000037 -0.000254 0.000238
0.000039 -0.000254 0.000234
0.000043 -0.000254 0.000228
0.000046 -0.000254 0.000223
0.000049 -0.000254 0.000217
0.000051 -0.000254 0.000212
0.000055 -0.000253 0.000206
0.000057 -0.000252 0.000202
0.000060 -0.000251 0.000196
0.000062 -0.000249 0.000191
0.000065 -0.000248 0.000185
0.000066 -0.000246 0.000181
0.000069 -0.000244 0.000175
0.000069 -0.000241 0.000171
0.000071 -0.000238 0.000166
0.000071 -0.000235 0.000163
0.000073 -0.000232 0.000158
0.000073 -0.000228 0.000155
0.000074 -0.000224 0.000151
0.000073 -0.000220 0.000149
0.000073 -0.000216 0.000145
0.000072 -0.000211 0.000143
0.000072 -0.000206 0.000140
0.000070 -0.000201 0.000139
0.000069 -0.000196 0.000137
0.000067 -0.000190 0.000136
0.000065 -0.000185 0.000135
0.000062 -0.000179 0.000135
0.000061 -0.000173 0.000134
0.000058 -0.000167 0.000134
0.000056 -0.000161 0.000134
0.000052 -0.000155 0.000135
0.000049 -0.000149 0.000135
0.000045 -0.000142 0.000137
0.000043 -0.000136 0.000138
0.000038 -0.000130 0.000140
0.000035 -0.000124 0.000141
0.000031 -0.000117 0.000143
0.000028 -0.000112 0.000145
0.000023 -0.000105 0.000148
0.000020 -0.000100 0.000150
0.000015 -0.000093 0.000153
0.000012 -0.000088 0.000155
0.000007 -0.000082 0.000158
0.000004 -0.000077 0.000160
-0.000001 -0.000071 0.000164
-0.000004 -0.000066 0.000166
-0.000008 -0.000061 0.000169
-0.000011 -0.000057 0.000172
-0.000015 -0.000052 0.000175
-0.000018 -0.000047 0.000177
-0.000022 -0.000043 0.000181
-0.000025 -0.000039 0.000183
-0.000029 -0.000035 0.000186
-0.000031 -0.000031 0.000188
-0.000034 -0.000027 0.000190
-0.000036 -0.000024 0.000192
-0.000040 -0.000021 0.000195
-0.000041 -0.000018 0.000196
-0.000044 -0.000015 0.000198
-0.000045 -0.000013 0.000199
-0.000048 -0.000010 0.000201
-0.000048 -0.000008 0.000202
-0.000051 -0.000006 0.000204
-0.000051 -0.000004 0.000204
-0.000053 -0.000002 0.000205
-0.000053 -0.000000 0.000205
-0.000055 0.000002 0.000206
-0.000054 0.000003 0.000206
-0.000055 0.000004 0.000206
-0.000055 0.000005 0.000205
-0.000056 0.000007 0.000206
-0.000055 0.000008 0.000204
-0.000056 0.000009 0.000204
-0.000055 0.000010 0.000203
-0.000055 0.000011 0.000202
-0.000054 0.000012 0.000201
-0.000054 0.000013 0.000200
-0.000052 0.000013 0.000198
-0.000052 0.000014 0.000197
-0.000051 0.000015 0.000195
-0.000051 0.000016 0.000194
-0.000049 0.000017 0.000191
-0.000049 0.000018 0.000190
-0.000047 0.000018 0.000187
-0.000047 0.000020 0.000186
-0.000046 0.000020 0.000184
-0.000045 0.000022 0.000182
-0.000044 0.000022 0.000180
-0.000044 0.000024 0.000178
-0.000042 0.000025 0.000176
-0.000042 0.000026 0.000174
-0.000040 0.000027 0.000172
-0.000041 0.000029 0.000170
-0.000039 0.000030 0.000168
-0.000039 0.000032 0.000167
-0.000038 0.000033 0.000165
-0.000039 0.000035 0.000164
-0.000038 0.000037 0.000162
-0.000038 0.000039 0.000161
-0.000037 0.000041 0.000159
-0.000038 0.000043 0.000158
-0.000037 0.000045 0.000157
-0.000038 0.000047 0.000156
-0.000038 0.000049 0.000155
-0.000039 0.000051 0.000155
-0.000039 0.000053 0.000154
-0.000040 0.000056 0.000154
-0.000040 0.000058 0.000153
-0.000042 0.000060 0.000153
-0.000042 0.000062 0.000153
-0.000044 0.000065 0.000153
-0.000044 0.000067 0.000153
-0.000046 0.000070 0.000153
-0.000047 0.000072 0.000153
-0.000049 0.000074 0.000154
-0.000049 0.000076 0.000154
-0.000051 0.000079 0.000156
-0.000052 0.000081 0.000156
-0.000054 0.000083 0.000157
-0.000055 0.000085 0.000157
-0.000058 0.000088 0.000159
-0.000059 0.000090 0.000160
-0.000061 0.000092 0.000161
-0.000062 0.000094 0.000162
-0.000064 0.000096 0.000164
-0.000065 0.000098 0.000164
-0.000068 0.000100 0.000166
-0.000069 0.000102 0.000167
-0.000071 0.000103 0.000169
-0.000072 0.000105 0.000169
-0.000074 0.000107 0.000171
-0.000075 0.000108 0.000172
-0.000077 0.000110 0.000174
-0.000078 0.000111 0.000174
-0.000080 0.000112 0.000176
-0.000081 0.000113 0.000177
-0.000083 0.000115 0.000178
-0.000084 0.000115 0.000179
-0.000085 0.000117 0.000180
-0.000086 0.000117 0.000180
-0.000088 0.000118 0.000182
-0.000088 0.000119 0.000182
-0.000089 0.000120 0.000183
-0.000090 0.000120 0.000183
-0.000091 0.000121 0.000184
-0.000091 0.000121 0.000184
-0.000092 0.000122 0.000185
-0.000092 0.000122 0.000185
-0.000093 0.000123 0.000186
-0.000093 0.000123 0.000185
-0.000094 0.000124 0.000186
-0.000093 0.000124 0.000185
-0.000094 0.000124 0.000185
-0.000094 0.000124 0.000185
-0.000094 0.000125 0.000185
-0.000093 0.000125 0.000184
-0.000094 0.000125 0.000184
-0.000093 0.000125 0.000183
-0.000094 0.000125 0.000182
-0.000093 0.000125 0.000181
-0.000093 0.000126 0.000181
-0.000092 0.000126 0.000180
-0.000092 0.000126 0.000179
-0.000091 0.000126 0.000178
-0.000091 0.000127 0.000177
-0.000090 0.000127 0.000176
-0.000090 0.000127 0.000175
-0.000089 0.000127 0.000173
-0.000089 0.000128 0.000173
-0.000088 0.000128 0.000171
-0.000088 0.000129 0.000170
-0.000087 0.000129 0.000169
-0.000087 0.000130 0.000168
-0.000086 0.000130 0.000166
-0.000086 0.000131 0.000166
-0.000085 0.000131 0.000164
-0.000085 0.000132 0.000163
-0.000084 0.000133 0.000162
-0.000084 0.000134 0.000161
-0.000083 0.000134 0.000159
-0.000083 0.000136 0.000159
-0.000082 0.000136 0.000157
-0.000082 0.000137 0.000157
-0.000082 0.000138 0.000156
-0.000082 0.000139 0.000155
-0.000081 0.000140 0.000154
-0.000082 0.000141 0.000154
-0.000081 0.000142 0.000153
-0.000082 0.000144 0.000153
-0.000081 0.000144 0.000152
-0.000082 0.000146 0.000152
-0.000081 0.000147 0.000151
-0.000082 0.000148 0.000151
-0.000082 0.000149 0.000150
-0.000083 0.000150 0.000150
-0.000082 0.000151 0.000150
-0.000083 0.000153 0.000150
-0.000083 0.000154 0.000150
-0.000084 0.000155 0.000150
-0.000084 0.000156 0.000150
-0.000085 0.000157 0.000150
-0.000085 0.000158 0.000150
-0.000086 0.000160 0.000151
-0.000087 0.000160 0.000151
-0.000088 0.000162 0.000152
-0.000088 0.000162 0.000152
-0.000089 0.000164 0.000152
-0.000089 0.000164 0.000153
-0.000091 0.000165 0.000154
-0.000091 0.000166 0.000154
-0.000092 0.000167 0.000155
-0.000092 0.000168 0.000155
-0.000094 0.000168 0.000156
-0.000094 0.000169 0.000156
-0.000095 0.000170 0.000157
-0.000096 0.000170 0.000158
-0.000097 0.000171 0.000159
-0.000097 0.000171 0.000159
-0.000099 0.000171 0.000160
-0.000099 0.000172 0.000160
-0.000100 0.000172 0.000162
-0.000100 0.000172 0.000162
-0.000101 0.000172 0.000163
-0.000101 0.000172 0.000163
-0.000103 0.000173 0.000164
-0.000103 0.000172 0.000164
-0.000104 0.000173 0.000166
-0.000104 0.000172 0.000166
-0.000105 0.000172 0.000167
-0.000105 0.000172 0.000167
-0.000106 0.000172 0.000168
-0.000106 0.000171 0.000168
-0.000107 0.000171 0.000168
-0.000107 0.000171 0.000168
-0.000108 0.000171 0.000169
-0.000107 0.000170 0.000169
-0.000108 0.000170 0.000169
-0.000108 0.000169 0.000169
-0.000108 0.000169 0.000170
-0.000108 0.000168 0.000169
-0.000109 0.000168 0.000170
-0.000108 0.000167 0.000169
-0.000109 0.000167 0.000170
-0.000108 0.000166 0.000169
-0.000109 0.000165 0.000170
-0.000108 0.000165 0.000169
-0.000109 0.000164 0.000169
-0.000108 0.000164 0.000169
-0.000109 0.000163 0.000169
-0.000108 0.000162 0.000168
-0.000108 0.000162 0.000168
-0.000108 0.000161 0.000167
-0.000108 0.000161 0.000167
-0.000107 0.000160 0.000166
-0.000108 0.000160 0.000166
-0.000107 0.000159 0.000165
-0.000107 0.000159 0.000165
-0.000106 0.000159 0.000164
-0.000107 0.000158 0.000164
-0.000106 0.000158 0.000163
-0.000106 0.000158 0.000163
-0.000105 0.000157 0.000162
-0.000106 0.000157 0.000162
-0.000105 0.000157 0.000161
-0.000105 0.000157 0.000161
-0.000104 0.000157 0.000160
-0.000105 0.000157 0.000160
-0.000104 0.000156 0.000159
-0.000104 0.000157 0.000158
-0.000103 0.000156 0.000157
-0.000104 0.000157 0.000157
-0.000103 0.000156 0.000156
-0.000103 0.000157 0.000156
-0.000103 0.000157 0.000155
-0.000103 0.000157 0.000155
-0.000102 0.000157 0.000154
-0.000103 0.000158 0.000154
-0.000102 0.000158 0.000153
-0.000103 0.000158 0.000153
-0.000102 0.000158 0.000152
-0.000103 0.000159 0.000152
-0.000102 0.000159 0.000151
-0.000103 0.000160 0.000151
-0.000102 0.000160 0.000151
-0.000103 0.000161 0.000151
-0.000102 0.000161 0.000150
-0.000103 0.000162 0.000150
-0.000102 0.000162 0.000149
-0.000103 0.000163 0.000149
-0.000103 0.000163 0.000149
-0.000103 0.000164 0.000149
-0.000103 0.000164 0.000148
-0.000103 0.000165 0.000149
-0.000103 0.000166 0.000148
-0.000104 0.000166 0.000148
-0.000103 0.000167 0.000148
-0.000104 0.000168 0.000148
-0.000104 0.000168 0.000147
-0.000104 0.000169 0.000148
-0.000104 0.000169 0.000147
-0.000105 0.000170 0.000147
-0.000105 0.000171 0.000147
-0.000105 0.000172 0.000147
-0.000105 0.000172 0.000147
-0.000106 0.000173 0.000147
-0.000105 0.000173 0.000147
-0.000106 0.000174 0.000147
-0.000106 0.000175 0.000146
-0.000106 0.000175 0.000147
-0.000106 0.000176 0.000146
-0.000107 0.000177 0.000146
-0.000106 0.000177 0.000146
-0.000107 0.000178 0.000146
-0.000107 0.000178 0.000146
-0.000107 0.000179 0.000146
-0.000107 0.000179 0.000145
-0.000108 0.000180 0.000145
-0.000107 0.000180 0.000145
-0.000108 0.000181 0.000145
-0.000107 0.000181 0.000145
-0.000108 0.000182 0.000145
-0.000107 0.000183 0.000144
-0.000108 0.000183 0.000144
-0.000107 0.000184 0.000144
-0.000108 0.000184 0.000144
-0.000107 0.000185 0.000143
-0.000108 0.000185 0.000143
-0.000107 0.000185 0.000142
-0.000108 0.000186 0.000142
-0.000107 0.000186 0.000142
-0.000108 0.000187 0.000142
-0.000107 0.000187 0.000141
-0.000108 0.000188 0.000141
-0.000107 0.000188 0.000140
-0.000107 0.000189 0.000140
-0.000107 0.000189 0.000139
-0.000107 0.000190 0.000139
-0.000106 0.000190 0.000138
-0.000107 0.000191 0.000138
-0.000106 0.000191 0.000137
-0.000106 0.000191 0.000137
-0.000106 0.000192 0.000136
-0.000106 0.000192 0.000136
-0.000105 0.000193 0.000135
-0.000106 0.000193 0.000135
-0.000105 0.000193 0.000134
-0.000105 0.000194 0.000134
-0.000105 0.000194 0.000133
-0.000105 0.000195 0.000133
-0.000104 0.000195 0.000132
-0.000104 0.000196 0.000132
-0.000104 0.000196 0.000131
-0.000104 0.000197 0.000131
-0.000103 0.000197 0.000131
-0.000104 0.000198 0.000130
-0.000103 0.000198 0.000130
-0.000103 0.000198 0.000130
-0.000103 0.000199 0.000129
-0.000103 0.000199 0.000129
-0.000102 0.000199 0.000128
-0.000103 0.000200 0.000128
-0.000102 0.000200 0.000127
-0.000102 0.000201 0.000128
-0.000102 0.000201 0.000127
-0.000102 0.000202 0.000127
-0.000101 0.000202 0.000126
-0.000102 0.000202 0.000127
-0.000101 0.000202 0.000126
-0.000102 0.000203 0.000126
-0.000101 0.000203 0.000126
-0.000101 0.000204 0.000126
-0.000101 0.000204 0.000125
-0.000101 0.000204 0.000126
-0.000101 0.000204 0.000125
-0.000101 0.000204 0.000126
-0.000101 0.000204 0.000125
-0.000101 0.000205 0.000126
-0.000101 0.000205 0.000125
-0.000101 0.000205 0.000126
-0.000101 0.000205 0.000126
-0.000101 0.000205 0.000126
-0.000101 0.000205 0.000126
-0.000101 0.000205 0.000126
-0.000101 0.000205 0.000126
-0.000101 0.000205 0.000127
-0.000101 0.000205 0.000127
-0.000101 0.000205 0.000127
-0.000101 0.000205 0.000127
-0.000101 0.000205 0.000128
-0.000101 0.000204 0.000128
-0.000102 0.000204 0.000129
-0.000101 0.000204 0.000129
-0.000102 0.000204 0.000129
-0.000101 0.000203 0.000130
-0.000102 0.000203 0.000130
-0.000102 0.000202 0.000130
-0.000102 0.000202 0.000131
-0.000102 0.000201 0.000131
-0.000102 0.000201 0.000132
-0.000102 0.000200 0.000132
-0.000102 0.000200 0.000133
-0.000102 0.000199 0.000133
-0.000103 0.000198 0.000134
-0.000102 0.000198 0.000134
-0.000103 0.000197 0.000135
-0.000102 0.000196 0.000135
-0.000103 0.000195 0.000136
-0.000103 0.000194 0.000136
-0.000103 0.000194 0.000137
-0.000103 0.000193 0.000137
-0.000103 0.000192 0.000138
-0.000103 0.000191 0.000138
-0.000103 0.000190 0.000139
-0.000103 0.000189 0.000139
-0.000103 0.000188 0.000140
-0.000103 0.000187 0.000140
-0.000103 0.000186 0.000141
-0.000103 0.000184 0.000141
-0.000103 0.000183 0.000141
-0.000103 0.000182 0.000141
-0.000103 0.000181 0.000142
-0.000103 0.000180 0.000142
-0.000103 0.000179 0.000143
-0.000103 0.000177 0.000143
-0.000103 0.000176 0.000144
-0.000103 0.000175 0.000144
-0.000103 0.000174 0.000144
-0.000103 0.000172 0.000144
-0.000103 0.000171 0.000145
-0.000102 0.000170 0.000145
-0.000103 0.000168 0.000145
-0.000102 0.000167 0.000145
-0.000103 0.000166 0.000146
-0.000102 0.000164 0.000145
-0.000102 0.000163 0.000146
-0.000102 0.000162 0.000146
-0.000102 0.000161 0.000146
-0.000102 0.000159 0.000146
-0.000102 0.000158 0.000146
-0.000101 0.000157 0.000146
-0.000102 0.000156 0.000146
-0.000101 0.000154 0.000146
-0.000101 0.000153 0.000146
-0.000101 0.000152 0.000146
-0.000101 0.000151 0.000146
-0.000100 0.000149 0.000146
-0.000101 0.000148 0.000146
-0.000100 0.000147 0.000146
-0.000100 0.000146 0.000146
-0.000100 0.000145 0.000146
-0.000100 0.000144 0.000146
-0.000099 0.000143 0.000145
-0.000100 0.000142 0.000145
-0.000099 0.000141 0.000145
-0.000099 0.000140 0.000145
-0.000099 0.000139 0.000144
-0.000099 0.000138 0.000144
-0.000098 0.000137 0.000144
-0.000099 0.000136 0.000144
-0.000098 0.000135 0.000143
-0.000098 0.000135 0.000143
-0.000098 0.000134 0.000143
-0.000098 0.000133 0.000143
-0.000097 0.000132 0.000142
-0.000097 0.000132 0.000142
-0.000097 0.000131 0.000141
-0.000097 0.000131 0.000141
-0.000097 0.000130 0.000141
-0.000097 0.000129 0.000141
-0.000096 0.000129 0.000140
-0.000096 0.000128 0.000140
-0.000096 0.000128 0.000139
-0.000096 0.000127 0.000139
-0.000095 0.000127 0.000138
-0.000096 0.000127 0.000138
-0.000095 0.000126 0.000137
-0.000095 0.000126 0.000137
-0.000095 0.000126 0.000137
-0.000095 0.000126 0.000136
-0.000095 0.000125 0.000136
-0.000095 0.000125 0.000136
-0.000094 0.000125 0.000135
-0.000095 0.000125 0.000135
-0.000094 0.000125 0.000134
-0.000094 0.000125 0.000134
-0.000094 0.000124 0.000133
-0.000094 0.000125 0.000133
-0.000094 0.000124 0.000132
-0.000094 0.000125 0.000132
-0.000093 0.000124 0.000131
-0.000094 0.000125 0.000131
-0.000093 0.000125 0.000130
-0.000093 0.000125 0.000130
-0.000093 0.000125 0.000129
-0.000093 0.000125 0.000129
-0.000093 0.000125 0.000129
-0.000093 0.000126 0.000128
-0.000092 0.000126 0.000128
-0.000093 0.000126 0.000128
-0.000092 0.000126 0.000127
-0.000093 0.000126 0.000127
-0.000092 0.000127 0.000126
-0.000092 0.000127 0.000126
-0.000092 0.000127 0.000125
-0.000092 0.000128 0.000125
-0.000092 0.000128 0.000124
-0.000092 0.000128 0.000124
-0.000092 0.000129 0.000124
-0.000092 0.000129 0.000123
-0.000091 0.000129 0.000123
-0.000092 0.000130 0.000123
-0.000091 0.000130 0.000122
-0.000092 0.000131 0.000122
-0.000091 0.000131 0.000121
-0.000091 0.000132 0.000121
-0.000091 0.000132 0.000121
-0.000091 0.000132 0.000120
-0.000091 0.000133 0.000120
-0.000091 0.000133 0.000120
-0.000091 0.000134 0.000119
-0.000091 0.000134 0.000119
-0.000091 0.000135 0.000119
-0.000091 0.000135 0.000118
-0.000091 0.000135 0.000118
-0.000091 0.000136 0.000118
-0.000090 0.000136 0.000117
-0.000091 0.000137 0.000117
-0.000090 0.000137 0.000117
-0.000091 0.000138 0.000117
-0.000090 0.000138 0.000116
-0.000091 0.000139 0.000116
-0.000090 0.000139 0.000116
-0.000090 0.000140 0.000116
-0.000090 0.000140 0.000115
-0.000090 0.000140 0.000115
-0.000090 0.000141 0.000115
-0.000090 0.000141 0.000115
-0.000090 0.000142 0.000114
-0.000090 0.000142 0.000114
-0.000090 0.000142 0.000114
-0.000090 0.000143 0.000114
-0.000090 0.000143 0.000113
-0.000090 0.000144 0.000113
-0.000089 0.000144 0.000113
-0.000090 0.000144 0.000113
-0.000089 0.000145 0.000113
-0.000090 0.000145 0.000113
-0.000089 0.000145 0.000112
-0.000090 0.000146 0.000112
-0.000089 0.000146 0.000112
-0.000089 0.000146 0.000112
-0.000089 0.000146 0.000112
-0.000089 0.000147 0.000112
-0.000089 0.000147 0.000111
-0.000089 0.000147 0.000112
-0.000089 0.000148 0.000111
-0.000089 0.000148 0.000111
-0.000089 0.000148 0.000111
-0.000089 0.000148 0.000111
-0.000089 0.000148 0.000111
-0.000089 0.000149 0.000111
-0.000089 0.000149 0.000111
-0.000089 0.000149 0.000111
-0.000088 0.000149 0.000110
-0.000089 0.000149 0.000111
-0.000088 0.000149 0.000110
-0.000089 0.000150 0.000111
-0.000088 0.000150 0.000110
-0.000089 0.000150 0.000110
-0.000088 0.000150 0.000110
-0.000089 0.000150 0.000110
-0.000088 0.000150 0.000110
-0.000088 0.000150 0.000110
-0.000088 0.000150 0.000110
-0.000088 0.000150 0.000110
-0.000088 0.000150 0.000110
-0.000088 0.000150 0.000110
-0.000088 0.000150 0.000110
-0.000088 0.000150 0.000110
-0.000088 0.000150 0.000110
-0.000088 0.000150 0.000110
-0.000088 0.000150 0.000110
-0.000088 0.000150 0.000110
-0.000088 0.000150 0.000110
-0.000088 0.000150 0.000110
-0.000088 0.000149 0.000110
-0.000088 0.000149 0.000110
-0.000087 0.000149 0.000110
-0.000088 0.000149 0.000110
-0.000087 0.000149 0.000110
-0.000088 0.000149 0.000110
-0.000087 0.000149 0.000110
-0.000088 0.000149 0.000110
-0.000087 0.000148 0.000110
-0.000087 0.000148 0.000110
-0.000087 0.000148 0.000110
-0.000087 0.000148 0.000110
-0.000087 0.000147 0.000110
-0.000087 0.000147 0.000110
-0.000087 0.000147 0.000110
